# Made in Blockbench 4.2.5
mtllib dematerialization_circuit_system.mtl

o cube_1
v 0.46875 0.5 0.46875
v 0.46875 0.5 -0.46875
v 0.46875 -0.4375 0.46875
v 0.46875 -0.4375 -0.46875
v -0.46875 0.5 -0.46875
v -0.46875 0.5 0.46875
v -0.46875 -0.4375 -0.46875
v -0.46875 -0.4375 0.46875
vt 0.25 0.75
vt 0.30859375 0.75
vt 0.30859375 0.69140625
vt 0.25 0.69140625
vt 0.19140625 0.75
vt 0.25 0.75
vt 0.25 0.69140625
vt 0.19140625 0.69140625
vt 0.3671875 0.75
vt 0.42578125 0.75
vt 0.42578125 0.69140625
vt 0.3671875 0.69140625
vt 0.30859375 0.75
vt 0.3671875 0.75
vt 0.3671875 0.69140625
vt 0.30859375 0.69140625
vt 0.30859375 0.75
vt 0.25 0.75
vt 0.25 0.80859375
vt 0.30859375 0.80859375
vt 0.3671875 0.80859375
vt 0.30859375 0.80859375
vt 0.30859375 0.75
vt 0.3671875 0.75
vn 0 0 -1
vn 1 0 0
vn 0 0 1
vn -1 0 0
vn 0 1 0
vn 0 -1 0
usemtl m_0
f 4/4/1 7/3/1 5/2/1 2/1/1
f 3/8/2 4/7/2 2/6/2 1/5/2
f 8/12/3 3/11/3 1/10/3 6/9/3
f 7/16/4 8/15/4 6/14/4 5/13/4
f 6/20/5 1/19/5 2/18/5 5/17/5
f 7/24/6 4/23/6 3/22/6 8/21/6
o cube_2
v 0.28125 1.75 0.28125
v 0.28125 1.75 -0.28125
v 0.28125 0.5 0.28125
v 0.28125 0.5 -0.28125
v -0.28125 1.75 -0.28125
v -0.28125 1.75 0.28125
v -0.28125 0.5 -0.28125
v -0.28125 0.5 0.28125
vt 0.30078125 0.65625
vt 0.3359375 0.65625
vt 0.3359375 0.578125
vt 0.30078125 0.578125
vt 0.265625 0.65625
vt 0.30078125 0.65625
vt 0.30078125 0.578125
vt 0.265625 0.578125
vt 0.37109375 0.65625
vt 0.40625 0.65625
vt 0.40625 0.578125
vt 0.37109375 0.578125
vt 0.3359375 0.65625
vt 0.37109375 0.65625
vt 0.37109375 0.578125
vt 0.3359375 0.578125
vt 0.3359375 0.65625
vt 0.30078125 0.65625
vt 0.30078125 0.69140625
vt 0.3359375 0.69140625
vt 0.37109375 0.69140625
vt 0.3359375 0.69140625
vt 0.3359375 0.65625
vt 0.37109375 0.65625
vn 0 0 -1
vn 1 0 0
vn 0 0 1
vn -1 0 0
vn 0 1 0
vn 0 -1 0
usemtl m_0
f 12/28/7 15/27/7 13/26/7 10/25/7
f 11/32/8 12/31/8 10/30/8 9/29/8
f 16/36/9 11/35/9 9/34/9 14/33/9
f 15/40/10 16/39/10 14/38/10 13/37/10
f 14/44/11 9/43/11 10/42/11 13/41/11
f 15/48/12 12/47/12 11/46/12 16/45/12
o cube_3
v 0.28125 0.19887378220871652 -0.3444594950788844
v 0.28125 -0.17317859512615708 -1.73297787036942
v 0.28125 -0.3444594950788844 -0.19887378220871652
v 0.28125 -0.716511872413758 -1.5873921574992522
v -0.28125 -0.17317859512615708 -1.73297787036942
v -0.28125 0.19887378220871652 -0.3444594950788844
v -0.28125 -0.716511872413758 -1.5873921574992522
v -0.28125 -0.3444594950788844 -0.19887378220871652
vt 0.25 0.875
vt 0.28515625 0.875
vt 0.28515625 0.83984375
vt 0.25 0.83984375
vt 0.16015625 0.875
vt 0.25 0.875
vt 0.25 0.83984375
vt 0.16015625 0.83984375
vt 0.375 0.875
vt 0.41015625 0.875
vt 0.41015625 0.83984375
vt 0.375 0.83984375
vt 0.28515625 0.875
vt 0.375 0.875
vt 0.375 0.83984375
vt 0.28515625 0.83984375
vt 0.28515625 0.875
vt 0.25 0.875
vt 0.25 0.96484375
vt 0.28515625 0.96484375
vt 0.3203125 0.96484375
vt 0.28515625 0.96484375
vt 0.28515625 0.875
vt 0.3203125 0.875
vn 0 -0.25881904510252074 -0.9659258262890683
vn 1 0 0
vn 0 0.25881904510252074 0.9659258262890683
vn -1 0 0
vn 0 0.9659258262890683 -0.25881904510252074
vn 0 -0.9659258262890683 0.25881904510252074
usemtl m_0
f 20/52/13 23/51/13 21/50/13 18/49/13
f 19/56/14 20/55/14 18/54/14 17/53/14
f 24/60/15 19/59/15 17/58/15 22/57/15
f 23/64/16 24/63/16 22/62/16 21/61/16
f 22/68/17 17/67/17 18/66/17 21/65/17
f 23/72/18 20/71/18 19/70/18 24/69/18
o cube_4
v -0.4389356733130746 0.1988737822087166 -0.07133989727493115
v -1.6414278599361731 -0.17317859512615658 0.6229192903703367
v -0.31285474753944226 -0.34445949507888435 -0.14413275371001508
v -1.5153469341625407 -0.7165118724137576 0.5501264339352527
v -1.3601778599361731 -0.17317859512615658 1.1100585799990832
v -0.1576856733130746 0.1988737822087166 0.41579939235381547
v -1.2340969341625407 -0.7165118724137576 1.0372657235639993
v -0.03160474753944226 -0.34445949507888435 0.34300653591873154
vt 0.08984375 0.78515625
vt 0.125 0.78515625
vt 0.125 0.75
vt 0.08984375 0.75
vt 0 0.78515625
vt 0.08984375 0.78515625
vt 0.08984375 0.75
vt 0 0.75
vt 0.21484375 0.78515625
vt 0.25 0.78515625
vt 0.25 0.75
vt 0.21484375 0.75
vt 0.125 0.78515625
vt 0.21484375 0.78515625
vt 0.21484375 0.75
vt 0.125 0.75
vt 0.125 0.78515625
vt 0.08984375 0.78515625
vt 0.08984375 0.875
vt 0.125 0.875
vt 0.16015625 0.875
vt 0.125 0.875
vt 0.125 0.78515625
vt 0.16015625 0.78515625
vn -0.8365163037378079 -0.25881904510252046 0.4829629131445343
vn -0.5000000000000001 9.714451465470122e-17 -0.8660254037844386
vn 0.8365163037378079 0.25881904510252046 -0.4829629131445343
vn 0.5000000000000001 -9.714451465470122e-17 0.8660254037844386
vn -0.22414386804201317 0.9659258262890684 0.12940952255126037
vn 0.22414386804201317 -0.9659258262890684 -0.12940952255126037
usemtl m_0
f 28/76/19 31/75/19 29/74/19 26/73/19
f 27/80/20 28/79/20 26/78/20 25/77/20
f 32/84/21 27/83/21 25/82/21 30/81/21
f 31/88/22 32/87/22 30/86/22 29/85/22
f 30/92/23 25/91/23 26/90/23 29/89/23
f 31/96/24 28/95/24 27/94/24 32/93/24
o cube_5
v 0.1576856733130746 0.1988737822087166 0.41579939235381547
v 1.3601778599361731 -0.17317859512615658 1.1100585799990832
v 0.03160474753944226 -0.34445949507888435 0.34300653591873154
v 1.2340969341625407 -0.7165118724137576 1.0372657235639993
v 1.6414278599361731 -0.17317859512615658 0.6229192903703367
v 0.4389356733130746 0.1988737822087166 -0.07133989727493115
v 1.5153469341625407 -0.7165118724137576 0.5501264339352527
v 0.31285474753944226 -0.34445949507888435 -0.14413275371001508
vt 0.08984375 0.91015625
vt 0.125 0.91015625
vt 0.125 0.875
vt 0.08984375 0.875
vt 0 0.91015625
vt 0.08984375 0.91015625
vt 0.08984375 0.875
vt 0 0.875
vt 0.21484375 0.91015625
vt 0.25 0.91015625
vt 0.25 0.875
vt 0.21484375 0.875
vt 0.125 0.91015625
vt 0.21484375 0.91015625
vt 0.21484375 0.875
vt 0.125 0.875
vt 0.125 0.91015625
vt 0.08984375 0.91015625
vt 0.08984375 1
vt 0.125 1
vt 0.16015625 1
vt 0.125 1
vt 0.125 0.91015625
vt 0.16015625 0.91015625
vn 0.8365163037378079 -0.25881904510252046 0.4829629131445343
vn -0.5000000000000001 -9.714451465470122e-17 0.8660254037844386
vn -0.8365163037378079 0.25881904510252046 -0.4829629131445343
vn 0.5000000000000001 9.714451465470122e-17 -0.8660254037844386
vn 0.22414386804201317 0.9659258262890684 0.12940952255126037
vn -0.22414386804201317 -0.9659258262890684 -0.12940952255126037
usemtl m_0
f 36/100/25 39/99/25 37/98/25 34/97/25
f 35/104/26 36/103/26 34/102/26 33/101/26
f 40/108/27 35/107/27 33/106/27 38/105/27
f 39/112/28 40/111/28 38/110/28 37/109/28
f 38/116/29 33/115/29 34/114/29 37/113/29
f 39/120/30 36/119/30 35/118/30 40/117/30
o cube_6
v 0.53125 0.06830286144610997 -1.7976826316450503
v 0.53125 0.00359810017047979 -2.0391640882173174
v 0.53125 -0.9579933289860251 -1.522687396223622
v 0.53125 -1.0226980902616551 -1.7641688527958892
v -0.53125 0.00359810017047979 -2.0391640882173174
v -0.53125 0.06830286144610997 -1.7976826316450503
v -0.53125 -1.0226980902616551 -1.7641688527958892
v -0.53125 -0.9579933289860251 -1.522687396223622
vt 0.015625 0.59375
vt 0.08203125 0.59375
vt 0.08203125 0.52734375
vt 0.015625 0.52734375
vt 0 0.59375
vt 0.015625 0.59375
vt 0.015625 0.52734375
vt 0 0.52734375
vt 0.09765625 0.59375
vt 0.1640625 0.59375
vt 0.1640625 0.52734375
vt 0.09765625 0.52734375
vt 0.08203125 0.59375
vt 0.09765625 0.59375
vt 0.09765625 0.52734375
vt 0.08203125 0.52734375
vt 0.08203125 0.59375
vt 0.015625 0.59375
vt 0.015625 0.609375
vt 0.08203125 0.609375
vt 0.1484375 0.609375
vt 0.08203125 0.609375
vt 0.08203125 0.59375
vt 0.1484375 0.59375
vn 0 -0.25881904510252074 -0.9659258262890683
vn 1 0 0
vn 0 0.25881904510252074 0.9659258262890683
vn -1 0 0
vn 0 0.9659258262890683 -0.25881904510252074
vn 0 -0.9659258262890683 0.25881904510252074
usemtl m_0
f 44/124/31 47/123/31 45/122/31 42/121/31
f 43/128/32 44/127/32 42/126/32 41/125/32
f 48/132/33 43/131/33 41/130/33 46/129/33
f 47/136/34 48/135/34 46/134/34 45/133/34
f 46/140/35 41/139/35 42/138/35 45/137/35
f 47/144/36 44/143/36 43/142/36 48/141/36
o cube_7
v -1.8224638269466764 0.06830286144611059 0.43876532006204205
v -2.0315929028811284 0.003598100170480456 0.5595060483481756
v -1.5843109671520375 -0.9579933289860247 0.30126770235132794
v -1.7934400430864894 -1.0226980902616547 0.4220084306374615
v -1.5003429028811284 0.003598100170480456 1.4796580398691415
v -1.2912138269466764 0.06830286144611059 1.358917311583008
v -1.2621900430864894 -1.0226980902616547 1.3421604221584276
v -1.0530609671520375 -0.9579933289860247 1.2214196938722939
vt 0.3828125 0.82421875
vt 0.44921875 0.82421875
vt 0.44921875 0.7578125
vt 0.3828125 0.7578125
vt 0.3671875 0.82421875
vt 0.3828125 0.82421875
vt 0.3828125 0.7578125
vt 0.3671875 0.7578125
vt 0.46484375 0.82421875
vt 0.53125 0.82421875
vt 0.53125 0.7578125
vt 0.46484375 0.7578125
vt 0.44921875 0.82421875
vt 0.46484375 0.82421875
vt 0.46484375 0.7578125
vt 0.44921875 0.7578125
vt 0.44921875 0.82421875
vt 0.3828125 0.82421875
vt 0.3828125 0.83984375
vt 0.44921875 0.83984375
vt 0.515625 0.83984375
vt 0.44921875 0.83984375
vt 0.44921875 0.82421875
vt 0.515625 0.82421875
vn -0.8365163037378079 -0.25881904510252046 0.4829629131445343
vn -0.5000000000000001 9.714451465470122e-17 -0.8660254037844386
vn 0.8365163037378079 0.25881904510252046 -0.4829629131445343
vn 0.5000000000000001 -9.714451465470122e-17 0.8660254037844386
vn -0.22414386804201317 0.9659258262890684 0.12940952255126037
vn 0.22414386804201317 -0.9659258262890684 -0.12940952255126037
usemtl m_0
f 52/148/37 55/147/37 53/146/37 50/145/37
f 51/152/38 52/151/38 50/150/38 49/149/38
f 56/156/39 51/155/39 49/154/39 54/153/39
f 55/160/40 56/159/40 54/158/40 53/157/40
f 54/164/41 49/163/41 50/162/41 53/161/41
f 55/168/42 52/167/42 51/166/42 56/165/42
o cube_8
v 1.2912138269466764 0.06830286144611059 1.358917311583008
v 1.5003429028811284 0.003598100170480456 1.4796580398691415
v 1.0530609671520375 -0.9579933289860247 1.2214196938722939
v 1.2621900430864894 -1.0226980902616547 1.3421604221584276
v 2.0315929028811284 0.003598100170480456 0.5595060483481756
v 1.8224638269466764 0.06830286144611059 0.43876532006204205
v 1.7934400430864894 -1.0226980902616547 0.4220084306374615
v 1.5843109671520375 -0.9579933289860247 0.30126770235132794
vt 0.3359375 0.984375
vt 0.40234375 0.984375
vt 0.40234375 0.91796875
vt 0.3359375 0.91796875
vt 0.3203125 0.984375
vt 0.3359375 0.984375
vt 0.3359375 0.91796875
vt 0.3203125 0.91796875
vt 0.41796875 0.984375
vt 0.484375 0.984375
vt 0.484375 0.91796875
vt 0.41796875 0.91796875
vt 0.40234375 0.984375
vt 0.41796875 0.984375
vt 0.41796875 0.91796875
vt 0.40234375 0.91796875
vt 0.40234375 0.984375
vt 0.3359375 0.984375
vt 0.3359375 1
vt 0.40234375 1
vt 0.46875 1
vt 0.40234375 1
vt 0.40234375 0.984375
vt 0.46875 0.984375
vn 0.8365163037378079 -0.25881904510252046 0.4829629131445343
vn -0.5000000000000001 -9.714451465470122e-17 0.8660254037844386
vn -0.8365163037378079 0.25881904510252046 -0.4829629131445343
vn 0.5000000000000001 9.714451465470122e-17 -0.8660254037844386
vn 0.22414386804201317 0.9659258262890684 0.12940952255126037
vn -0.22414386804201317 -0.9659258262890684 -0.12940952255126037
usemtl m_0
f 60/172/43 63/171/43 61/170/43 58/169/43
f 59/176/44 60/175/44 58/174/44 57/173/44
f 64/180/45 59/179/45 57/178/45 62/177/45
f 63/184/46 64/183/46 62/182/46 61/181/46
f 62/188/47 57/187/47 58/186/47 61/185/47
f 63/192/48 60/191/48 59/190/48 64/189/48
o cube_9
v 0.53125 2 0.53125
v 0.53125 2 -0.53125
v 0.53125 1.75 0.53125
v 0.53125 1.75 -0.53125
v -0.53125 2 -0.53125
v -0.53125 2 0.53125
v -0.53125 1.75 -0.53125
v -0.53125 1.75 0.53125
vt 0.06640625 0.625
vt 0.1328125 0.625
vt 0.1328125 0.609375
vt 0.06640625 0.609375
vt 0 0.625
vt 0.06640625 0.625
vt 0.06640625 0.609375
vt 0 0.609375
vt 0.19921875 0.625
vt 0.265625 0.625
vt 0.265625 0.609375
vt 0.19921875 0.609375
vt 0.1328125 0.625
vt 0.19921875 0.625
vt 0.19921875 0.609375
vt 0.1328125 0.609375
vt 0.1328125 0.625
vt 0.06640625 0.625
vt 0.06640625 0.69140625
vt 0.1328125 0.69140625
vt 0.19921875 0.69140625
vt 0.1328125 0.69140625
vt 0.1328125 0.625
vt 0.19921875 0.625
vn 0 0 -1
vn 1 0 0
vn 0 0 1
vn -1 0 0
vn 0 1 0
vn 0 -1 0
usemtl m_0
f 68/196/49 71/195/49 69/194/49 66/193/49
f 67/200/50 68/199/50 66/198/50 65/197/50
f 72/204/51 67/203/51 65/202/51 70/201/51
f 71/208/52 72/207/52 70/206/52 69/205/52
f 70/212/53 65/211/53 66/210/53 69/209/53
f 71/216/54 68/215/54 67/214/54 72/213/54
o cube_156
v -0.5245745168826493 -0.30559010238246864 -0.3377667636845302
v -0.6174090299933068 -0.36681967253961406 -0.3948429663777575
v -0.49143007849627285 -0.3064559415795006 -0.3907473877516038
v -0.5842645916069303 -0.3676855117366461 -0.4478235904448311
v -0.5662960375969118 -0.4757826985085672 -0.361086174765175
v -0.47346152448625434 -0.4145531283514218 -0.30400997207194763
v -0.5331515992105353 -0.4766485377055992 -0.4140667988322485
v -0.44031708609987785 -0.41541896754845375 -0.3569905961390212
vt 0.0078125 0.51953125
vt 0.015625 0.51953125
vt 0.015625 0.515625
vt 0.0078125 0.515625
vt 0 0.51953125
vt 0.0078125 0.51953125
vt 0.0078125 0.515625
vt 0 0.515625
vt 0.0234375 0.51953125
vt 0.03125 0.51953125
vt 0.03125 0.515625
vt 0.0234375 0.515625
vt 0.015625 0.51953125
vt 0.0234375 0.51953125
vt 0.0234375 0.515625
vt 0.015625 0.515625
vt 0.015625 0.51953125
vt 0.0078125 0.51953125
vt 0.0078125 0.52734375
vt 0.015625 0.52734375
vt 0.0234375 0.52734375
vt 0.015625 0.52734375
vt 0.015625 0.51953125
vt 0.0234375 0.51953125
vn -0.74267610488526 -0.48983656125716313 -0.45660962154581874
vn -0.4089039391711601 0.8717042077516247 -0.2700543329006605
vn 0.74267610488526 0.48983656125716313 0.45660962154581874
vn 0.4089039391711601 -0.8717042077516247 0.2700543329006605
vn -0.5303110141820236 0.013853427152512168 0.8476899850731774
vn 0.5303110141820236 -0.013853427152512168 -0.8476899850731774
usemtl m_0
f 76/220/55 79/219/55 77/218/55 74/217/55
f 75/224/56 76/223/56 74/222/56 73/221/56
f 80/228/57 75/227/57 73/226/57 78/225/57
f 79/232/58 80/231/58 78/230/58 77/229/58
f 78/236/59 73/235/59 74/234/59 77/233/59
f 79/240/60 76/239/60 75/238/60 80/237/60
o cube_157
v -0.45828564010989636 -0.30732178077653266 -0.4437280118186774
v -0.5511201532205539 -0.3685513509336781 -0.5008042145119047
v -0.4251412017235199 -0.3081876199735647 -0.496708635885751
v -0.5179757148341774 -0.36941719013071006 -0.5537848385789783
v -0.5000071608241589 -0.47751437690263115 -0.4670474228993221
v -0.40717264771350137 -0.41628480674548574 -0.4099712202060948
v -0.4668627224377824 -0.4783802160996632 -0.5200280469663958
v -0.3740282093271249 -0.4171506459425178 -0.4629518442731684
vt 0.4765625 0.69921875
vt 0.484375 0.69921875
vt 0.484375 0.6953125
vt 0.4765625 0.6953125
vt 0.46875 0.69921875
vt 0.4765625 0.69921875
vt 0.4765625 0.6953125
vt 0.46875 0.6953125
vt 0.4921875 0.69921875
vt 0.5 0.69921875
vt 0.5 0.6953125
vt 0.4921875 0.6953125
vt 0.484375 0.69921875
vt 0.4921875 0.69921875
vt 0.4921875 0.6953125
vt 0.484375 0.6953125
vt 0.484375 0.69921875
vt 0.4765625 0.69921875
vt 0.4765625 0.70703125
vt 0.484375 0.70703125
vt 0.4921875 0.70703125
vt 0.484375 0.70703125
vt 0.484375 0.69921875
vt 0.4921875 0.69921875
vn -0.74267610488526 -0.48983656125716313 -0.45660962154581874
vn -0.4089039391711601 0.8717042077516247 -0.2700543329006605
vn 0.74267610488526 0.48983656125716313 0.45660962154581874
vn 0.4089039391711601 -0.8717042077516247 0.2700543329006605
vn -0.5303110141820236 0.013853427152512168 0.8476899850731774
vn 0.5303110141820236 -0.013853427152512168 -0.8476899850731774
usemtl m_0
f 84/244/61 87/243/61 85/242/61 82/241/61
f 83/248/62 84/247/62 82/246/62 81/245/62
f 88/252/63 83/251/63 81/250/63 86/249/63
f 87/256/64 88/255/64 86/254/64 85/253/64
f 86/260/65 81/259/65 82/258/65 85/257/65
f 87/264/66 84/263/66 83/262/66 88/261/66
o cube_158
v -0.3919967633371434 -0.3090534591705967 -0.5496892599528245
v -0.4848312764478009 -0.3702830293277421 -0.6067654626460519
v -0.3588523249507669 -0.30991929836762866 -0.6026698840198981
v -0.4516868380614244 -0.3711488685247741 -0.6597460867131255
v -0.4337182840514059 -0.4792460552966952 -0.5730086710334693
v -0.3408837709407484 -0.41801648513954975 -0.515932468340242
v -0.4005738456650294 -0.48011189449372715 -0.6259892951005429
v -0.3077393325543719 -0.4188823243365818 -0.5689130924073156
vt 0.4765625 0.7109375
vt 0.484375 0.7109375
vt 0.484375 0.70703125
vt 0.4765625 0.70703125
vt 0.46875 0.7109375
vt 0.4765625 0.7109375
vt 0.4765625 0.70703125
vt 0.46875 0.70703125
vt 0.4921875 0.7109375
vt 0.5 0.7109375
vt 0.5 0.70703125
vt 0.4921875 0.70703125
vt 0.484375 0.7109375
vt 0.4921875 0.7109375
vt 0.4921875 0.70703125
vt 0.484375 0.70703125
vt 0.484375 0.7109375
vt 0.4765625 0.7109375
vt 0.4765625 0.71875
vt 0.484375 0.71875
vt 0.4921875 0.71875
vt 0.484375 0.71875
vt 0.484375 0.7109375
vt 0.4921875 0.7109375
vn -0.74267610488526 -0.48983656125716313 -0.45660962154581874
vn -0.4089039391711601 0.8717042077516247 -0.2700543329006605
vn 0.74267610488526 0.48983656125716313 0.45660962154581874
vn 0.4089039391711601 -0.8717042077516247 0.2700543329006605
vn -0.5303110141820236 0.013853427152512168 0.8476899850731774
vn 0.5303110141820236 -0.013853427152512168 -0.8476899850731774
usemtl m_0
f 92/268/67 95/267/67 93/266/67 90/265/67
f 91/272/68 92/271/68 90/270/68 89/269/68
f 96/276/69 91/275/69 89/274/69 94/273/69
f 95/280/70 96/279/70 94/278/70 93/277/70
f 94/284/71 89/283/71 90/282/71 93/281/71
f 95/288/72 92/287/72 91/286/72 96/285/72
o cube_159
v -0.5908633936554023 -0.3038584239884047 -0.23180551555038303
v -0.6836979067660598 -0.36508799414555004 -0.28888171824361036
v -0.5577189552690258 -0.30472426318543666 -0.28478613961745664
v -0.6505534683796833 -0.3659538333425821 -0.3418623423106839
v -0.6325849143696648 -0.4740510201145032 -0.2551249266310278
v -0.5397504012590073 -0.41282144995735776 -0.19804872393780049
v -0.5994404759832883 -0.47491685931153516 -0.30810555069810136
v -0.5066059628726308 -0.41368728915438974 -0.25102934800487403
vt 0.4765625 0.72265625
vt 0.484375 0.72265625
vt 0.484375 0.71875
vt 0.4765625 0.71875
vt 0.46875 0.72265625
vt 0.4765625 0.72265625
vt 0.4765625 0.71875
vt 0.46875 0.71875
vt 0.4921875 0.72265625
vt 0.5 0.72265625
vt 0.5 0.71875
vt 0.4921875 0.71875
vt 0.484375 0.72265625
vt 0.4921875 0.72265625
vt 0.4921875 0.71875
vt 0.484375 0.71875
vt 0.484375 0.72265625
vt 0.4765625 0.72265625
vt 0.4765625 0.73046875
vt 0.484375 0.73046875
vt 0.4921875 0.73046875
vt 0.484375 0.73046875
vt 0.484375 0.72265625
vt 0.4921875 0.72265625
vn -0.74267610488526 -0.48983656125716313 -0.45660962154581874
vn -0.4089039391711601 0.8717042077516247 -0.2700543329006605
vn 0.74267610488526 0.48983656125716313 0.45660962154581874
vn 0.4089039391711601 -0.8717042077516247 0.2700543329006605
vn -0.5303110141820236 0.013853427152512168 0.8476899850731774
vn 0.5303110141820236 -0.013853427152512168 -0.8476899850731774
usemtl m_0
f 100/292/73 103/291/73 101/290/73 98/289/73
f 99/296/74 100/295/74 98/294/74 97/293/74
f 104/300/75 99/299/75 97/298/75 102/297/75
f 103/304/76 104/303/76 102/302/76 101/301/76
f 102/308/77 97/307/77 98/306/77 101/305/77
f 103/312/78 100/311/78 99/310/78 104/309/78
o cube_160
v -0.6571522704281553 -0.30212674559434066 -0.1258442674162359
v -0.7499867835388128 -0.3633563157514861 -0.18292047010946322
v -0.6240078320417788 -0.30299258479137264 -0.17882489148330943
v -0.7168423451524363 -0.36422215494851806 -0.23590109417653676
v -0.6988737911424178 -0.47231934172043916 -0.14916367849688061
v -0.6060392780317603 -0.41108977156329374 -0.09208747580365328
v -0.6657293527560413 -0.4731851809174712 -0.20214430256395421
v -0.5728948396453838 -0.4119556107603257 -0.14506809987072689
vt 0.4765625 0.734375
vt 0.484375 0.734375
vt 0.484375 0.73046875
vt 0.4765625 0.73046875
vt 0.46875 0.734375
vt 0.4765625 0.734375
vt 0.4765625 0.73046875
vt 0.46875 0.73046875
vt 0.4921875 0.734375
vt 0.5 0.734375
vt 0.5 0.73046875
vt 0.4921875 0.73046875
vt 0.484375 0.734375
vt 0.4921875 0.734375
vt 0.4921875 0.73046875
vt 0.484375 0.73046875
vt 0.484375 0.734375
vt 0.4765625 0.734375
vt 0.4765625 0.7421875
vt 0.484375 0.7421875
vt 0.4921875 0.7421875
vt 0.484375 0.7421875
vt 0.484375 0.734375
vt 0.4921875 0.734375
vn -0.74267610488526 -0.48983656125716313 -0.45660962154581874
vn -0.4089039391711601 0.8717042077516247 -0.2700543329006605
vn 0.74267610488526 0.48983656125716313 0.45660962154581874
vn 0.4089039391711601 -0.8717042077516247 0.2700543329006605
vn -0.5303110141820236 0.013853427152512168 0.8476899850731774
vn 0.5303110141820236 -0.013853427152512168 -0.8476899850731774
usemtl m_0
f 108/316/79 111/315/79 109/314/79 106/313/79
f 107/320/80 108/319/80 106/318/80 105/317/80
f 112/324/81 107/323/81 105/322/81 110/321/81
f 111/328/82 112/327/82 110/326/82 109/325/82
f 110/332/83 105/331/83 106/330/83 109/329/83
f 111/336/84 108/335/84 107/334/84 112/333/84
o cube_161
v -0.7234411472009082 -0.30039506720027664 -0.019883019282088688
v -0.8162756603115657 -0.36162463735742206 -0.07695922197531602
v -0.6902967088145318 -0.3012609063973086 -0.07286364334916229
v -0.7831312219251892 -0.3624904765544541 -0.12993984604238962
v -0.7651626679151707 -0.47058766332637514 -0.04320243036273344
v -0.6723281548045132 -0.4093580931692297 0.013873772330493889
v -0.7320182295287943 -0.4714535025234072 -0.09618305442980701
v -0.6391837164181368 -0.41022393236626176 -0.03910685173657971
vt 0.4765625 0.74609375
vt 0.484375 0.74609375
vt 0.484375 0.7421875
vt 0.4765625 0.7421875
vt 0.46875 0.74609375
vt 0.4765625 0.74609375
vt 0.4765625 0.7421875
vt 0.46875 0.7421875
vt 0.4921875 0.74609375
vt 0.5 0.74609375
vt 0.5 0.7421875
vt 0.4921875 0.7421875
vt 0.484375 0.74609375
vt 0.4921875 0.74609375
vt 0.4921875 0.7421875
vt 0.484375 0.7421875
vt 0.484375 0.74609375
vt 0.4765625 0.74609375
vt 0.4765625 0.75390625
vt 0.484375 0.75390625
vt 0.4921875 0.75390625
vt 0.484375 0.75390625
vt 0.484375 0.74609375
vt 0.4921875 0.74609375
vn -0.74267610488526 -0.48983656125716313 -0.45660962154581874
vn -0.4089039391711601 0.8717042077516247 -0.2700543329006605
vn 0.74267610488526 0.48983656125716313 0.45660962154581874
vn 0.4089039391711601 -0.8717042077516247 0.2700543329006605
vn -0.5303110141820236 0.013853427152512168 0.8476899850731774
vn 0.5303110141820236 -0.013853427152512168 -0.8476899850731774
usemtl m_0
f 116/340/85 119/339/85 117/338/85 114/337/85
f 115/344/86 116/343/86 114/342/86 113/341/86
f 120/348/87 115/347/87 113/346/87 118/345/87
f 119/352/88 120/351/88 118/350/88 117/349/88
f 118/356/89 113/355/89 114/354/89 117/353/89
f 119/360/90 116/359/90 115/358/90 120/357/90
o cube_162
v -0.3257078865643904 -0.31078513756466064 -0.6556505080869717
v -0.4185423996750479 -0.3720147077218061 -0.7127267107801991
v -0.29256344817801394 -0.3116509767616927 -0.7086311321540453
v -0.38539796128867143 -0.3728805469188381 -0.7657073348472726
v -0.3674294072786529 -0.48097773369075913 -0.6789699191676165
v -0.27459489416799543 -0.41974816353361377 -0.6218937164743892
v -0.33428496889227644 -0.4818435728877912 -0.7319505432346901
v -0.24145045578161894 -0.42061400273064575 -0.6748743405414628
vt 0.4765625 0.9921875
vt 0.484375 0.9921875
vt 0.484375 0.98828125
vt 0.4765625 0.98828125
vt 0.46875 0.9921875
vt 0.4765625 0.9921875
vt 0.4765625 0.98828125
vt 0.46875 0.98828125
vt 0.4921875 0.9921875
vt 0.5 0.9921875
vt 0.5 0.98828125
vt 0.4921875 0.98828125
vt 0.484375 0.9921875
vt 0.4921875 0.9921875
vt 0.4921875 0.98828125
vt 0.484375 0.98828125
vt 0.484375 0.9921875
vt 0.4765625 0.9921875
vt 0.4765625 1
vt 0.484375 1
vt 0.4921875 1
vt 0.484375 1
vt 0.484375 0.9921875
vt 0.4921875 0.9921875
vn -0.74267610488526 -0.48983656125716313 -0.45660962154581874
vn -0.4089039391711601 0.8717042077516247 -0.2700543329006605
vn 0.74267610488526 0.48983656125716313 0.45660962154581874
vn 0.4089039391711601 -0.8717042077516247 0.2700543329006605
vn -0.5303110141820236 0.013853427152512168 0.8476899850731774
vn 0.5303110141820236 -0.013853427152512168 -0.8476899850731774
usemtl m_0
f 124/364/91 127/363/91 125/362/91 122/361/91
f 123/368/92 124/367/92 122/366/92 121/365/92
f 128/372/93 123/371/93 121/370/93 126/369/93
f 127/376/94 128/375/94 126/374/94 125/373/94
f 126/380/95 121/379/95 122/378/95 125/377/95
f 127/384/96 124/383/96 123/382/96 128/381/96
o cube_163
v -0.3597645709006622 -0.38027938780414594 -0.7126853936326121
v -0.2663445157958643 -0.6532523195557884 -1.7352628830362902
v -0.3029938283565795 -0.3541991257932172 -0.7144609849242066
v -0.20957377325178156 -0.6271720575448598 -1.7370384743278846
v -0.24078801959766688 -0.7077338325402651 -1.718384487229999
v -0.3342080747024648 -0.43476090078862245 -0.6958069978263208
v -0.18401727705358412 -0.6816535705293363 -1.7201600785215934
v -0.27743733215838207 -0.4086806387776937 -0.6975825891179153
vt 0.40625 0.578125
vt 0.41015625 0.578125
vt 0.41015625 0.57421875
vt 0.40625 0.57421875
vt 0.33984375 0.578125
vt 0.40625 0.578125
vt 0.40625 0.57421875
vt 0.33984375 0.57421875
vt 0.4765625 0.578125
vt 0.48046875 0.578125
vt 0.48046875 0.57421875
vt 0.4765625 0.57421875
vt 0.41015625 0.578125
vt 0.4765625 0.578125
vt 0.4765625 0.57421875
vt 0.41015625 0.57421875
vt 0.41015625 0.578125
vt 0.40625 0.578125
vt 0.40625 0.64453125
vt 0.41015625 0.64453125
vt 0.4140625 0.64453125
vt 0.41015625 0.64453125
vt 0.41015625 0.578125
vt 0.4140625 0.578125
vn 0.08792475774569218 -0.2569157004721342 -0.9624258723799325
vn -0.40890393917115975 0.8717042077516247 -0.2700543329006606
vn -0.08792475774569218 0.2569157004721342 0.9624258723799325
vn 0.40890393917115975 -0.8717042077516247 0.2700543329006606
vn -0.9083318807053233 -0.4172841921748593 0.028409460665511324
vn 0.9083318807053233 0.4172841921748593 -0.028409460665511324
usemtl m_0
f 132/388/97 135/387/97 133/386/97 130/385/97
f 131/392/98 132/391/98 130/390/98 129/389/98
f 136/396/99 131/395/99 129/394/99 134/393/99
f 135/400/100 136/399/100 134/398/100 133/397/100
f 134/404/101 129/403/101 130/402/101 133/401/101
f 135/408/102 132/407/102 131/406/102 136/405/102
o cube_164
v -0.3932347739690543 -0.3885588861086837 -0.8044490597232046
v -0.3877394766099485 -0.4046161173881921 -0.8646006767469504
v -0.2796932888808889 -0.33639836208682633 -0.8080002423063936
v -0.2741979915217831 -0.3524555933663347 -0.8681518593301394
v -0.3366264842135535 -0.5135791433571453 -0.8308438851343679
v -0.3421217815726593 -0.4975219120776368 -0.7706922681106221
v -0.2230849991253882 -0.46141861933528777 -0.8343950677175568
v -0.2285802964844939 -0.44536138805577946 -0.774243450693811
vt 0.22265625 0.46875
vt 0.23046875 0.46875
vt 0.23046875 0.4609375
vt 0.22265625 0.4609375
vt 0.21875 0.46875
vt 0.22265625 0.46875
vt 0.22265625 0.4609375
vt 0.21875 0.4609375
vt 0.234375 0.46875
vt 0.2421875 0.46875
vt 0.2421875 0.4609375
vt 0.234375 0.4609375
vt 0.23046875 0.46875
vt 0.234375 0.46875
vt 0.234375 0.4609375
vt 0.23046875 0.4609375
vt 0.23046875 0.46875
vt 0.22265625 0.46875
vt 0.22265625 0.47265625
vt 0.23046875 0.47265625
vt 0.23828125 0.47265625
vt 0.23046875 0.47265625
vt 0.23046875 0.46875
vt 0.23828125 0.46875
vn 0.08792475774569218 -0.2569157004721342 -0.9624258723799325
vn -0.40890393917115975 0.8717042077516247 -0.2700543329006606
vn -0.08792475774569218 0.2569157004721342 0.9624258723799325
vn 0.40890393917115975 -0.8717042077516247 0.2700543329006606
vn -0.9083318807053233 -0.4172841921748593 0.028409460665511324
vn 0.9083318807053233 0.4172841921748593 -0.028409460665511324
usemtl m_0
f 140/412/103 143/411/103 141/410/103 138/409/103
f 139/416/104 140/415/104 138/414/104 137/413/104
f 144/420/105 139/419/105 137/418/105 142/417/105
f 143/424/106 144/423/106 142/422/106 141/421/106
f 142/428/107 137/427/107 138/426/107 141/425/107
f 143/432/108 140/431/108 139/430/108 144/429/108
o cube_165
v -0.3822441792508428 -0.4206733486677005 -0.9247522937706961
v -0.376748881891737 -0.4367305799472088 -0.9849039107944418
v -0.26870269416267734 -0.36851282464584306 -0.9283034763538851
v -0.2632073968035716 -0.3845700559253515 -0.9884550933776308
v -0.325635889495342 -0.5456936059161619 -0.9511471191818593
v -0.33113118685444776 -0.5296363746366537 -0.8909955021581136
v -0.21209440440717664 -0.4935330818943046 -0.9546983017650482
v -0.2175897017662824 -0.4774758506147962 -0.8945466847413025
vt 0.19921875 0.46875
vt 0.20703125 0.46875
vt 0.20703125 0.4609375
vt 0.19921875 0.4609375
vt 0.1953125 0.46875
vt 0.19921875 0.46875
vt 0.19921875 0.4609375
vt 0.1953125 0.4609375
vt 0.2109375 0.46875
vt 0.21875 0.46875
vt 0.21875 0.4609375
vt 0.2109375 0.4609375
vt 0.20703125 0.46875
vt 0.2109375 0.46875
vt 0.2109375 0.4609375
vt 0.20703125 0.4609375
vt 0.20703125 0.46875
vt 0.19921875 0.46875
vt 0.19921875 0.47265625
vt 0.20703125 0.47265625
vt 0.21484375 0.47265625
vt 0.20703125 0.47265625
vt 0.20703125 0.46875
vt 0.21484375 0.46875
vn 0.08792475774569218 -0.2569157004721342 -0.9624258723799325
vn -0.40890393917115975 0.8717042077516247 -0.2700543329006606
vn -0.08792475774569218 0.2569157004721342 0.9624258723799325
vn 0.40890393917115975 -0.8717042077516247 0.2700543329006606
vn -0.9083318807053233 -0.4172841921748593 0.028409460665511324
vn 0.9083318807053233 0.4172841921748593 -0.028409460665511324
usemtl m_0
f 148/436/109 151/435/109 149/434/109 146/433/109
f 147/440/110 148/439/110 146/438/110 145/437/110
f 152/444/111 147/443/111 145/442/111 150/441/111
f 151/448/112 152/447/112 150/446/112 149/445/112
f 150/452/113 145/451/113 146/450/113 149/449/113
f 151/456/114 148/455/114 147/454/114 152/453/114
o cube_166
v -0.3712535845326313 -0.45278781122671724 -1.0450555278181877
v -0.3657582871735255 -0.46884504250622566 -1.1052071448419334
v -0.2577120994444658 -0.4006272872048598 -1.0486067104013765
v -0.25221680208536007 -0.4166845184843682 -1.1087583274251223
v -0.3146452947771305 -0.5778080684751787 -1.071450353229351
v -0.32014059213623625 -0.5617508371956703 -1.0112987362056052
v -0.20110380968896513 -0.5256475444533213 -1.0750015358125398
v -0.20659910704807088 -0.5095903131738129 -1.014849918788794
vt 0.17578125 0.46875
vt 0.18359375 0.46875
vt 0.18359375 0.4609375
vt 0.17578125 0.4609375
vt 0.171875 0.46875
vt 0.17578125 0.46875
vt 0.17578125 0.4609375
vt 0.171875 0.4609375
vt 0.1875 0.46875
vt 0.1953125 0.46875
vt 0.1953125 0.4609375
vt 0.1875 0.4609375
vt 0.18359375 0.46875
vt 0.1875 0.46875
vt 0.1875 0.4609375
vt 0.18359375 0.4609375
vt 0.18359375 0.46875
vt 0.17578125 0.46875
vt 0.17578125 0.47265625
vt 0.18359375 0.47265625
vt 0.19140625 0.47265625
vt 0.18359375 0.47265625
vt 0.18359375 0.46875
vt 0.19140625 0.46875
vn 0.08792475774569218 -0.2569157004721342 -0.9624258723799325
vn -0.40890393917115975 0.8717042077516247 -0.2700543329006606
vn -0.08792475774569218 0.2569157004721342 0.9624258723799325
vn 0.40890393917115975 -0.8717042077516247 0.2700543329006606
vn -0.9083318807053233 -0.4172841921748593 0.028409460665511324
vn 0.9083318807053233 0.4172841921748593 -0.028409460665511324
usemtl m_0
f 156/460/115 159/459/115 157/458/115 154/457/115
f 155/464/116 156/463/116 154/462/116 153/461/116
f 160/468/117 155/467/117 153/466/117 158/465/117
f 159/472/118 160/471/118 158/470/118 157/469/118
f 158/476/119 153/475/119 154/474/119 157/473/119
f 159/480/120 156/479/120 155/478/120 160/477/120
o cube_167
v -0.3602629898144198 -0.484902273785734 -1.165358761865679
v -0.354767692455314 -0.5009595050652424 -1.2255103788894248
v -0.24672150472625431 -0.43274174976387664 -1.168909944448868
v -0.24122620736714856 -0.44879898104338495 -1.2290615614726137
v -0.303654700058919 -0.6099225310341956 -1.1917535872768423
v -0.30914999741802474 -0.5938652997546872 -1.1316019702530966
v -0.19011321497075362 -0.5577620070123381 -1.1953047698600312
v -0.19560851232985937 -0.5417047757328297 -1.1351531528362855
vt 0.3515625 0.47265625
vt 0.359375 0.47265625
vt 0.359375 0.46484375
vt 0.3515625 0.46484375
vt 0.34765625 0.47265625
vt 0.3515625 0.47265625
vt 0.3515625 0.46484375
vt 0.34765625 0.46484375
vt 0.36328125 0.47265625
vt 0.37109375 0.47265625
vt 0.37109375 0.46484375
vt 0.36328125 0.46484375
vt 0.359375 0.47265625
vt 0.36328125 0.47265625
vt 0.36328125 0.46484375
vt 0.359375 0.46484375
vt 0.359375 0.47265625
vt 0.3515625 0.47265625
vt 0.3515625 0.4765625
vt 0.359375 0.4765625
vt 0.3671875 0.4765625
vt 0.359375 0.4765625
vt 0.359375 0.47265625
vt 0.3671875 0.47265625
vn 0.08792475774569218 -0.2569157004721342 -0.9624258723799325
vn -0.40890393917115975 0.8717042077516247 -0.2700543329006606
vn -0.08792475774569218 0.2569157004721342 0.9624258723799325
vn 0.40890393917115975 -0.8717042077516247 0.2700543329006606
vn -0.9083318807053233 -0.4172841921748593 0.028409460665511324
vn 0.9083318807053233 0.4172841921748593 -0.028409460665511324
usemtl m_0
f 164/484/121 167/483/121 165/482/121 162/481/121
f 163/488/122 164/487/122 162/486/122 161/485/122
f 168/492/123 163/491/123 161/490/123 166/489/123
f 167/496/124 168/495/124 166/494/124 165/493/124
f 166/500/125 161/499/125 162/498/125 165/497/125
f 167/504/126 164/503/126 163/502/126 168/501/126
o cube_168
v -0.34927239509620817 -0.5170167363447509 -1.2856619959131708
v -0.34377709773710247 -0.5330739676242591 -1.3458136129369165
v -0.2357309100080428 -0.46485621232289337 -1.2892131784963596
v -0.23023561264893705 -0.4809134436024018 -1.3493647955201054
v -0.29266410534070747 -0.6420369935932122 -1.312056821324334
v -0.2981594026998132 -0.625979762313704 -1.2519052043005883
v -0.1791226202525421 -0.589876469571355 -1.3156080039075229
v -0.18461791761164786 -0.5738192382918466 -1.2554563868837771
vt 0.15234375 0.47265625
vt 0.16015625 0.47265625
vt 0.16015625 0.46484375
vt 0.15234375 0.46484375
vt 0.1484375 0.47265625
vt 0.15234375 0.47265625
vt 0.15234375 0.46484375
vt 0.1484375 0.46484375
vt 0.1640625 0.47265625
vt 0.171875 0.47265625
vt 0.171875 0.46484375
vt 0.1640625 0.46484375
vt 0.16015625 0.47265625
vt 0.1640625 0.47265625
vt 0.1640625 0.46484375
vt 0.16015625 0.46484375
vt 0.16015625 0.47265625
vt 0.15234375 0.47265625
vt 0.15234375 0.4765625
vt 0.16015625 0.4765625
vt 0.16796875 0.4765625
vt 0.16015625 0.4765625
vt 0.16015625 0.47265625
vt 0.16796875 0.47265625
vn 0.08792475774569218 -0.2569157004721342 -0.9624258723799325
vn -0.40890393917115975 0.8717042077516247 -0.2700543329006606
vn -0.08792475774569218 0.2569157004721342 0.9624258723799325
vn 0.40890393917115975 -0.8717042077516247 0.2700543329006606
vn -0.9083318807053233 -0.4172841921748593 0.028409460665511324
vn 0.9083318807053233 0.4172841921748593 -0.028409460665511324
usemtl m_0
f 172/508/127 175/507/127 173/506/127 170/505/127
f 171/512/128 172/511/128 170/510/128 169/509/128
f 176/516/129 171/515/129 169/514/129 174/513/129
f 175/520/130 176/519/130 174/518/130 173/517/130
f 174/524/131 169/523/131 170/522/131 173/521/131
f 175/528/132 172/527/132 171/526/132 176/525/132
o cube_169
v -0.33828180037799666 -0.5491311989037675 -1.4059652299606622
v -0.33278650301889096 -0.5651884301832759 -1.466116846984408
v -0.22474031528983124 -0.4969706748819102 -1.409516412543851
v -0.21924501793072554 -0.5130279061614185 -1.4696680295675968
v -0.28167351062249596 -0.674151456152229 -1.4323600553718254
v -0.28716880798160166 -0.6580942248727206 -1.3722084383480797
v -0.16813202553433054 -0.6219909321303716 -1.4359112379550143
v -0.17362732289343635 -0.6059337008508634 -1.3757596209312686
vt 0.12890625 0.47265625
vt 0.13671875 0.47265625
vt 0.13671875 0.46484375
vt 0.12890625 0.46484375
vt 0.125 0.47265625
vt 0.12890625 0.47265625
vt 0.12890625 0.46484375
vt 0.125 0.46484375
vt 0.140625 0.47265625
vt 0.1484375 0.47265625
vt 0.1484375 0.46484375
vt 0.140625 0.46484375
vt 0.13671875 0.47265625
vt 0.140625 0.47265625
vt 0.140625 0.46484375
vt 0.13671875 0.46484375
vt 0.13671875 0.47265625
vt 0.12890625 0.47265625
vt 0.12890625 0.4765625
vt 0.13671875 0.4765625
vt 0.14453125 0.4765625
vt 0.13671875 0.4765625
vt 0.13671875 0.47265625
vt 0.14453125 0.47265625
vn 0.08792475774569218 -0.2569157004721342 -0.9624258723799325
vn -0.40890393917115975 0.8717042077516247 -0.2700543329006606
vn -0.08792475774569218 0.2569157004721342 0.9624258723799325
vn 0.40890393917115975 -0.8717042077516247 0.2700543329006606
vn -0.9083318807053233 -0.4172841921748593 0.028409460665511324
vn 0.9083318807053233 0.4172841921748593 -0.028409460665511324
usemtl m_0
f 180/532/133 183/531/133 181/530/133 178/529/133
f 179/536/134 180/535/134 178/534/134 177/533/134
f 184/540/135 179/539/135 177/538/135 182/537/135
f 183/544/136 184/543/136 182/542/136 181/541/136
f 182/548/137 177/547/137 178/546/137 181/545/137
f 183/552/138 180/551/138 179/550/138 184/549/138
o cube_170
v -0.32729120565978514 -0.5812456614627843 -1.5262684640081539
v -0.32179590830067945 -0.5973028927422928 -1.5864200810318996
v -0.21374972057161973 -0.5290851374409269 -1.5298196465913427
v -0.20825442321251403 -0.5451423687204353 -1.5899712636150884
v -0.27068291590428445 -0.7062659187112459 -1.552663289419317
v -0.27617821326339015 -0.6902086874317375 -1.4925116723955714
v -0.15714143081611903 -0.6541053946893884 -1.556214472002506
v -0.16263672817522484 -0.63804816340988 -1.4960628549787602
vt 0.5078125 0.4765625
vt 0.515625 0.4765625
vt 0.515625 0.46875
vt 0.5078125 0.46875
vt 0.50390625 0.4765625
vt 0.5078125 0.4765625
vt 0.5078125 0.46875
vt 0.50390625 0.46875
vt 0.51953125 0.4765625
vt 0.52734375 0.4765625
vt 0.52734375 0.46875
vt 0.51953125 0.46875
vt 0.515625 0.4765625
vt 0.51953125 0.4765625
vt 0.51953125 0.46875
vt 0.515625 0.46875
vt 0.515625 0.4765625
vt 0.5078125 0.4765625
vt 0.5078125 0.48046875
vt 0.515625 0.48046875
vt 0.5234375 0.48046875
vt 0.515625 0.48046875
vt 0.515625 0.4765625
vt 0.5234375 0.4765625
vn 0.08792475774569218 -0.2569157004721342 -0.9624258723799325
vn -0.40890393917115975 0.8717042077516247 -0.2700543329006606
vn -0.08792475774569218 0.2569157004721342 0.9624258723799325
vn 0.40890393917115975 -0.8717042077516247 0.2700543329006606
vn -0.9083318807053233 -0.4172841921748593 0.028409460665511324
vn 0.9083318807053233 0.4172841921748593 -0.028409460665511324
usemtl m_0
f 188/556/139 191/555/139 189/554/139 186/553/139
f 187/560/140 188/559/140 186/558/140 185/557/140
f 192/564/141 187/563/141 185/562/141 190/561/141
f 191/568/142 192/567/142 190/566/142 189/565/142
f 190/572/143 185/571/143 186/570/143 189/569/143
f 191/576/144 188/575/144 187/574/144 192/573/144
o cube_171
v -0.31630061094157363 -0.6133601240218012 -1.6465716980556453
v -0.3108053135824679 -0.6294173553013094 -1.706723315079391
v -0.20275912585340822 -0.5611995999999437 -1.6501228806388342
v -0.19726382849430246 -0.5772568312794522 -1.7102744976625799
v -0.2596923211860729 -0.7383803812702625 -1.6729665234668085
v -0.26518761854517864 -0.7223231499907543 -1.6128149064430628
v -0.14615083609790752 -0.6862198572484053 -1.6765177060499974
v -0.15164613345701328 -0.6701626259688969 -1.6163660890262517
vt 0.5234375 0.49609375
vt 0.53125 0.49609375
vt 0.53125 0.48828125
vt 0.5234375 0.48828125
vt 0.51953125 0.49609375
vt 0.5234375 0.49609375
vt 0.5234375 0.48828125
vt 0.51953125 0.48828125
vt 0.53515625 0.49609375
vt 0.54296875 0.49609375
vt 0.54296875 0.48828125
vt 0.53515625 0.48828125
vt 0.53125 0.49609375
vt 0.53515625 0.49609375
vt 0.53515625 0.48828125
vt 0.53125 0.48828125
vt 0.53125 0.49609375
vt 0.5234375 0.49609375
vt 0.5234375 0.5
vt 0.53125 0.5
vt 0.5390625 0.5
vt 0.53125 0.5
vt 0.53125 0.49609375
vt 0.5390625 0.49609375
vn 0.08792475774569218 -0.2569157004721342 -0.9624258723799325
vn -0.40890393917115975 0.8717042077516247 -0.2700543329006606
vn -0.08792475774569218 0.2569157004721342 0.9624258723799325
vn 0.40890393917115975 -0.8717042077516247 0.2700543329006606
vn -0.9083318807053233 -0.4172841921748593 0.028409460665511324
vn 0.9083318807053233 0.4172841921748593 -0.028409460665511324
usemtl m_0
f 196/580/145 199/579/145 197/578/145 194/577/145
f 195/584/146 196/583/146 194/582/146 193/581/146
f 200/588/147 195/587/147 193/586/147 198/585/147
f 199/592/148 200/591/148 198/590/148 197/589/148
f 198/596/149 193/595/149 194/594/149 197/593/149
f 199/600/150 196/599/150 195/598/150 200/597/150
o cube_172
v -1.5645984807354554 -0.5463130622300976 0.575681563548768
