mtllib tardis_toyota_spinner.mtl

o platform_0
v 0.5275970659061844 0.4895568121688151 -0.3508203706095463
v 0.5588470659061845 0.44536263834465584 -0.3820703706095462
v 0.215097065906184 0.04761507392722297 -0.03832037060954671
v 0.24634706590618405 0.0034209001030637287 -0.06957037060954666
v 0.38207037060954785 0.44536263834465584 -0.5588470659061834
v 0.3508203706095478 0.4895568121688151 -0.5275970659061834
v 0.0695703706095474 0.0034209001030637287 -0.2463470659061838
v 0.03832037060954735 0.04761507392722297 -0.21509706590618385
vt 0.7421875 0.1484375
vt 0.7578125 0.1484375
vt 0.7578125 0.109375
vt 0.7421875 0.109375
vt 0.73828125 0.1484375
vt 0.7421875 0.1484375
vt 0.7421875 0.109375
vt 0.73828125 0.109375
vt 0.76171875 0.1484375
vt 0.77734375 0.1484375
vt 0.77734375 0.109375
vt 0.76171875 0.109375
vt 0.7578125 0.1484375
vt 0.76171875 0.1484375
vt 0.76171875 0.109375
vt 0.7578125 0.109375
vt 0.7578125 0.1484375
vt 0.7421875 0.1484375
vt 0.7421875 0.15234375
vt 0.7578125 0.15234375
vt 0.7734375 0.15234375
vt 0.7578125 0.15234375
vt 0.7578125 0.1484375
vt 0.7734375 0.1484375
vn 0.5000000000000008 -0.7071067811865476 -0.4999999999999993
vn 0.7071067811865466 2.775557561562892e-17 0.7071067811865485
vn -0.5000000000000008 0.7071067811865476 0.4999999999999993
vn -0.7071067811865466 -2.775557561562892e-17 -0.7071067811865485
vn 0.5000000000000008 0.7071067811865475 -0.49999999999999933
vn -0.5000000000000008 -0.7071067811865475 0.49999999999999933
usemtl m_0
f 4/4/1 7/3/1 5/2/1 2/1/1
f 3/8/2 4/7/2 2/6/2 1/5/2
f 8/12/3 3/11/3 1/10/3 6/9/3
f 7/16/4 8/15/4 6/14/4 5/13/4
f 6/20/5 1/19/5 2/18/5 5/17/5
f 7/24/6 4/23/6 3/22/6 8/21/6
o platform_1
v 0.35318298703527723 0.4895568121688152 -0.5260184160809137
v 0.37009536516484587 0.44536263834465595 -0.5668485087333005
v 0.18405920573959078 0.04761507392722297 -0.11771748955704603
v 0.20097158386915942 0.0034209001030638397 -0.15854758220943282
v 0.13912548203702418 0.44536263834465595 -0.6625193668245728
v 0.12221310390745553 0.4895568121688152 -0.621689274172186
v -0.029998299258662264 0.0034209001030638397 -0.2542184403007052
v -0.046910677388230904 0.04761507392722297 -0.21338834764831838
vt 0.8515625 0.703125
vt 0.8671875 0.703125
vt 0.8671875 0.6640625
vt 0.8515625 0.6640625
vt 0.84765625 0.703125
vt 0.8515625 0.703125
vt 0.8515625 0.6640625
vt 0.84765625 0.6640625
vt 0.87109375 0.703125
vt 0.88671875 0.703125
vt 0.88671875 0.6640625
vt 0.87109375 0.6640625
vt 0.8671875 0.703125
vt 0.87109375 0.703125
vt 0.87109375 0.6640625
vt 0.8671875 0.6640625
vt 0.8671875 0.703125
vt 0.8515625 0.703125
vt 0.8515625 0.70703125
vt 0.8671875 0.70703125
vt 0.8828125 0.70703125
vt 0.8671875 0.70703125
vt 0.8671875 0.703125
vt 0.8828125 0.703125
vn 0.27059805007309834 -0.7071067811865476 -0.6532814824381884
vn 0.923879532511287 -5.551115123125784e-17 0.3826834323650895
vn -0.27059805007309834 0.7071067811865476 0.6532814824381884
vn -0.923879532511287 5.551115123125784e-17 -0.3826834323650895
vn 0.27059805007309834 0.7071067811865476 -0.6532814824381884
vn -0.27059805007309834 -0.7071067811865476 0.6532814824381884
usemtl m_0
f 12/28/7 15/27/7 13/26/7 10/25/7
f 11/32/8 12/31/8 10/30/8 9/29/8
f 16/36/9 11/35/9 9/34/9 14/33/9
f 15/40/10 16/39/10 14/38/10 13/37/10
f 14/44/11 9/43/11 10/42/11 13/41/11
f 15/48/12 12/47/12 11/46/12 16/45/12
o platform_2
v 0.125 0.4895568121688151 -0.621134926072777
v 0.125 0.44536263834465584 -0.6653290998969361
v 0.125 0.04761507392722297 -0.17919318783118476
v 0.125 0.0034209001030637287 -0.22338736165534395
v -0.125 0.44536263834465584 -0.6653290998969361
v -0.125 0.4895568121688151 -0.621134926072777
v -0.125 0.0034209001030637287 -0.22338736165534395
v -0.125 0.04761507392722297 -0.17919318783118476
vt 0.3984375 0.15234375
vt 0.4140625 0.15234375
vt 0.4140625 0.11328125
vt 0.3984375 0.11328125
vt 0.39453125 0.15234375
vt 0.3984375 0.15234375
vt 0.3984375 0.11328125
vt 0.39453125 0.11328125
vt 0.41796875 0.15234375
vt 0.43359375 0.15234375
vt 0.43359375 0.11328125
vt 0.41796875 0.11328125
vt 0.4140625 0.15234375
vt 0.41796875 0.15234375
vt 0.41796875 0.11328125
vt 0.4140625 0.11328125
vt 0.4140625 0.15234375
vt 0.3984375 0.15234375
vt 0.3984375 0.15625
vt 0.4140625 0.15625
vt 0.4296875 0.15625
vt 0.4140625 0.15625
vt 0.4140625 0.15234375
vt 0.4296875 0.15234375
vn 0 -0.7071067811865476 -0.7071067811865475
vn 1 0 0
vn 0 0.7071067811865476 0.7071067811865475
vn -1 0 0
vn 0 0.7071067811865475 -0.7071067811865476
vn 0 -0.7071067811865475 0.7071067811865476
usemtl m_0
f 20/52/13 23/51/13 21/50/13 18/49/13
f 19/56/14 20/55/14 18/54/14 17/53/14
f 24/60/15 19/59/15 17/58/15 22/57/15
f 23/64/16 24/63/16 22/62/16 21/61/16
f 22/68/17 17/67/17 18/66/17 21/65/17
f 23/72/18 20/71/18 19/70/18 24/69/18
o platform_3
v -0.1222131039074555 0.4895568121688152 -0.621689274172186
v -0.13912548203702413 0.44536263834465595 -0.6625193668245728
v 0.046910677388230904 0.04761507392722297 -0.21338834764831838
v 0.029998299258662264 0.0034209001030638397 -0.2542184403007052
v -0.37009536516484587 0.44536263834465595 -0.5668485087333005
v -0.35318298703527723 0.4895568121688152 -0.5260184160809137
v -0.20097158386915948 0.0034209001030638397 -0.15854758220943282
v -0.18405920573959084 0.04761507392722297 -0.11771748955704603
vt 0.83984375 0.16796875
vt 0.85546875 0.16796875
vt 0.85546875 0.12890625
vt 0.83984375 0.12890625
vt 0.8359375 0.16796875
vt 0.83984375 0.16796875
vt 0.83984375 0.12890625
vt 0.8359375 0.12890625
vt 0.859375 0.16796875
vt 0.875 0.16796875
vt 0.875 0.12890625
vt 0.859375 0.12890625
vt 0.85546875 0.16796875
vt 0.859375 0.16796875
vt 0.859375 0.12890625
vt 0.85546875 0.12890625
vt 0.85546875 0.16796875
vt 0.83984375 0.16796875
vt 0.83984375 0.171875
vt 0.85546875 0.171875
vt 0.87109375 0.171875
vt 0.85546875 0.171875
vt 0.85546875 0.16796875
vt 0.87109375 0.16796875
vn -0.27059805007309823 -0.7071067811865476 -0.6532814824381884
vn 0.923879532511287 0 -0.38268343236508945
vn 0.27059805007309823 0.7071067811865476 0.6532814824381884
vn -0.923879532511287 0 0.38268343236508945
vn -0.27059805007309823 0.7071067811865476 -0.6532814824381884
vn 0.27059805007309823 -0.7071067811865476 0.6532814824381884
usemtl m_0
f 28/76/19 31/75/19 29/74/19 26/73/19
f 27/80/20 28/79/20 26/78/20 25/77/20
f 32/84/21 27/83/21 25/82/21 30/81/21
f 31/88/22 32/87/22 30/86/22 29/85/22
f 30/92/23 25/91/23 26/90/23 29/89/23
f 31/96/24 28/95/24 27/94/24 32/93/24
o platform_4
v -0.35082037060954785 0.489556812168815 -0.5275970659061834
v -0.3820703706095479 0.4453626383446558 -0.5588470659061833
v -0.03832037060954735 0.04761507392722286 -0.21509706590618377
v -0.0695703706095474 0.0034209001030636177 -0.24634706590618372
v -0.5588470659061845 0.44536263834465584 -0.3820703706095462
v -0.5275970659061844 0.4895568121688151 -0.35082037060954624
v -0.246347065906184 0.0034209001030636177 -0.06957037060954657
v -0.21509706590618394 0.04761507392722297 -0.03832037060954663
vt 0.83984375 0.515625
vt 0.85546875 0.515625
vt 0.85546875 0.4765625
vt 0.83984375 0.4765625
vt 0.8359375 0.515625
vt 0.83984375 0.515625
vt 0.83984375 0.4765625
vt 0.8359375 0.4765625
vt 0.859375 0.515625
vt 0.875 0.515625
vt 0.875 0.4765625
vt 0.859375 0.4765625
vt 0.85546875 0.515625
vt 0.859375 0.515625
vt 0.859375 0.4765625
vt 0.85546875 0.4765625
vt 0.85546875 0.515625
vt 0.83984375 0.515625
vt 0.83984375 0.51953125
vt 0.85546875 0.51953125
vt 0.87109375 0.51953125
vt 0.85546875 0.51953125
vt 0.85546875 0.515625
vt 0.87109375 0.515625
vn -0.5000000000000007 -0.7071067811865477 -0.49999999999999917
vn 0.7071067811865466 -5.551115123125783e-17 -0.7071067811865486
vn 0.5000000000000007 0.7071067811865477 0.49999999999999917
vn -0.7071067811865466 5.551115123125783e-17 0.7071067811865486
vn -0.5000000000000009 0.7071067811865474 -0.49999999999999944
vn 0.5000000000000009 -0.7071067811865474 0.49999999999999944
usemtl m_0
f 36/100/25 39/99/25 37/98/25 34/97/25
f 35/104/26 36/103/26 34/102/26 33/101/26
f 40/108/27 35/107/27 33/106/27 38/105/27
f 39/112/28 40/111/28 38/110/28 37/109/28
f 38/116/29 33/115/29 34/114/29 37/113/29
f 39/120/30 36/119/30 35/118/30 40/117/30
o platform_5
v -0.38207037060954785 0.44536263834465584 0.5588470659061834
v -0.3508203706095478 0.4895568121688151 0.5275970659061834
v -0.0695703706095474 0.0034209001030637287 0.2463470659061838
v -0.03832037060954735 0.04761507392722297 0.21509706590618385
v -0.5275970659061844 0.4895568121688151 0.3508203706095463
v -0.5588470659061845 0.44536263834465584 0.3820703706095462
v -0.215097065906184 0.04761507392722297 0.03832037060954671
v -0.24634706590618405 0.0034209001030637287 0.06957037060954666
vt 0.4609375 0.16015625
vt 0.4765625 0.16015625
vt 0.4765625 0.12109375
vt 0.4609375 0.12109375
vt 0.45703125 0.16015625
vt 0.4609375 0.16015625
vt 0.4609375 0.12109375
vt 0.45703125 0.12109375
vt 0.48046875 0.16015625
vt 0.49609375 0.16015625
vt 0.49609375 0.12109375
vt 0.48046875 0.12109375
vt 0.4765625 0.16015625
vt 0.48046875 0.16015625
vt 0.48046875 0.12109375
vt 0.4765625 0.12109375
vt 0.4765625 0.16015625
vt 0.4609375 0.16015625
vt 0.4609375 0.1640625
vt 0.4765625 0.1640625
vt 0.4921875 0.1640625
vt 0.4765625 0.1640625
vt 0.4765625 0.16015625
vt 0.4921875 0.16015625
vn 0.5000000000000008 0.7071067811865476 -0.4999999999999993
vn 0.7071067811865466 -2.775557561562892e-17 0.7071067811865485
vn -0.5000000000000008 -0.7071067811865476 0.4999999999999993
vn -0.7071067811865466 2.775557561562892e-17 -0.7071067811865485
vn -0.5000000000000008 0.7071067811865475 0.49999999999999933
vn 0.5000000000000008 -0.7071067811865475 -0.49999999999999933
usemtl m_0
f 44/124/31 47/123/31 45/122/31 42/121/31
f 43/128/32 44/127/32 42/126/32 41/125/32
f 48/132/33 43/131/33 41/130/33 46/129/33
f 47/136/34 48/135/34 46/134/34 45/133/34
f 46/140/35 41/139/35 42/138/35 45/137/35
f 47/144/36 44/143/36 43/142/36 48/141/36
o platform_6
v -0.13912548203702413 0.44536263834465584 0.6625193668245729
v -0.1222131039074555 0.4895568121688151 0.6216892741721861
v 0.029998299258662264 0.0034209001030637287 0.2542184403007052
v 0.046910677388230904 0.04761507392722297 0.21338834764831835
v -0.35318298703527723 0.4895568121688151 0.5260184160809137
v -0.37009536516484587 0.44536263834465584 0.5668485087333005
v -0.18405920573959084 0.04761507392722297 0.11771748955704597
v -0.20097158386915948 0.0034209001030637287 0.15854758220943277
vt 0.359375 0.16015625
vt 0.375 0.16015625
vt 0.375 0.12109375
vt 0.359375 0.12109375
vt 0.35546875 0.16015625
vt 0.359375 0.16015625
vt 0.359375 0.12109375
vt 0.35546875 0.12109375
vt 0.37890625 0.16015625
vt 0.39453125 0.16015625
vt 0.39453125 0.12109375
vt 0.37890625 0.12109375
vt 0.375 0.16015625
vt 0.37890625 0.16015625
vt 0.37890625 0.12109375
vt 0.375 0.12109375
vt 0.375 0.16015625
vt 0.359375 0.16015625
vt 0.359375 0.1640625
vt 0.375 0.1640625
vt 0.390625 0.1640625
vt 0.375 0.1640625
vt 0.375 0.16015625
vt 0.390625 0.16015625
vn 0.27059805007309823 0.7071067811865476 -0.6532814824381884
vn 0.9238795325112868 -2.7755575615628914e-17 0.3826834323650894
vn -0.27059805007309823 -0.7071067811865476 0.6532814824381884
vn -0.9238795325112868 2.7755575615628914e-17 -0.3826834323650894
vn -0.27059805007309823 0.7071067811865475 0.6532814824381884
vn 0.27059805007309823 -0.7071067811865475 -0.6532814824381884
usemtl m_0
f 52/148/37 55/147/37 53/146/37 50/145/37
f 51/152/38 52/151/38 50/150/38 49/149/38
f 56/156/39 51/155/39 49/154/39 54/153/39
f 55/160/40 56/159/40 54/158/40 53/157/40
f 54/164/41 49/163/41 50/162/41 53/161/41
f 55/168/42 52/167/42 51/166/42 56/165/42
o platform_7
v 0.125 0.44536263834465584 0.6653290998969361
v 0.125 0.4895568121688151 0.621134926072777
v 0.125 0.0034209001030637287 0.22338736165534395
v 0.125 0.04761507392722297 0.17919318783118476
v -0.125 0.4895568121688151 0.621134926072777
v -0.125 0.44536263834465584 0.6653290998969361
v -0.125 0.04761507392722297 0.17919318783118476
v -0.125 0.0034209001030637287 0.22338736165534395
vt 0.83203125 0.42578125
vt 0.84765625 0.42578125
vt 0.84765625 0.38671875
vt 0.83203125 0.38671875
vt 0.828125 0.42578125
vt 0.83203125 0.42578125
vt 0.83203125 0.38671875
vt 0.828125 0.38671875
vt 0.8515625 0.42578125
vt 0.8671875 0.42578125
vt 0.8671875 0.38671875
vt 0.8515625 0.38671875
vt 0.84765625 0.42578125
vt 0.8515625 0.42578125
vt 0.8515625 0.38671875
vt 0.84765625 0.38671875
vt 0.84765625 0.42578125
vt 0.83203125 0.42578125
vt 0.83203125 0.4296875
vt 0.84765625 0.4296875
vt 0.86328125 0.4296875
vt 0.84765625 0.4296875
vt 0.84765625 0.42578125
vt 0.86328125 0.42578125
vn 0 0.7071067811865476 -0.7071067811865475
vn 1 0 0
vn 0 -0.7071067811865476 0.7071067811865475
vn -1 0 0
vn 0 0.7071067811865475 0.7071067811865476
vn 0 -0.7071067811865475 -0.7071067811865476
usemtl m_0
f 60/172/43 63/171/43 61/170/43 58/169/43
f 59/176/44 60/175/44 58/174/44 57/173/44
f 64/180/45 59/179/45 57/178/45 62/177/45
f 63/184/46 64/183/46 62/182/46 61/181/46
f 62/188/47 57/187/47 58/186/47 61/185/47
f 63/192/48 60/191/48 59/190/48 64/189/48
o platform_8
v 0.37009536516484587 0.44536263834465595 0.5668485087333005
v 0.35318298703527723 0.4895568121688152 0.5260184160809137
v 0.20097158386915948 0.0034209001030638397 0.15854758220943282
v 0.18405920573959084 0.04761507392722297 0.11771748955704603
v 0.1222131039074555 0.4895568121688152 0.621689274172186
v 0.13912548203702413 0.44536263834465595 0.6625193668245728
v -0.046910677388230904 0.04761507392722297 0.21338834764831838
v -0.029998299258662264 0.0034209001030638397 0.2542184403007052
vt 0.06640625 0.16796875
vt 0.08203125 0.16796875
vt 0.08203125 0.12890625
vt 0.06640625 0.12890625
vt 0.0625 0.16796875
vt 0.06640625 0.16796875
vt 0.06640625 0.12890625
vt 0.0625 0.12890625
vt 0.0859375 0.16796875
vt 0.1015625 0.16796875
vt 0.1015625 0.12890625
vt 0.0859375 0.12890625
vt 0.08203125 0.16796875
vt 0.0859375 0.16796875
vt 0.0859375 0.12890625
vt 0.08203125 0.12890625
vt 0.08203125 0.16796875
vt 0.06640625 0.16796875
vt 0.06640625 0.171875
vt 0.08203125 0.171875
vt 0.09765625 0.171875
vt 0.08203125 0.171875
vt 0.08203125 0.16796875
vt 0.09765625 0.16796875
vn -0.27059805007309823 0.7071067811865476 -0.6532814824381884
vn 0.923879532511287 0 -0.38268343236508945
vn 0.27059805007309823 -0.7071067811865476 0.6532814824381884
vn -0.923879532511287 0 0.38268343236508945
vn 0.27059805007309823 0.7071067811865476 0.6532814824381884
vn -0.27059805007309823 -0.7071067811865476 -0.6532814824381884
usemtl m_0
f 68/196/49 71/195/49 69/194/49 66/193/49
f 67/200/50 68/199/50 66/198/50 65/197/50
f 72/204/51 67/203/51 65/202/51 70/201/51
f 71/208/52 72/207/52 70/206/52 69/205/52
f 70/212/53 65/211/53 66/210/53 69/209/53
f 71/216/54 68/215/54 67/214/54 72/213/54
o platform_9
v 0.5588470659061845 0.44536263834465584 0.3820703706095462
v 0.5275970659061844 0.4895568121688151 0.3508203706095463
v 0.24634706590618405 0.0034209001030637287 0.06957037060954666
v 0.215097065906184 0.04761507392722297 0.03832037060954671
v 0.3508203706095478 0.4895568121688151 0.5275970659061834
v 0.38207037060954785 0.44536263834465584 0.5588470659061834
v 0.03832037060954735 0.04761507392722297 0.21509706590618385
v 0.0695703706095474 0.0034209001030637287 0.2463470659061838
vt 0.63671875 0.171875
vt 0.65234375 0.171875
vt 0.65234375 0.1328125
vt 0.63671875 0.1328125
vt 0.6328125 0.171875
vt 0.63671875 0.171875
vt 0.63671875 0.1328125
vt 0.6328125 0.1328125
vt 0.65625 0.171875
vt 0.671875 0.171875
vt 0.671875 0.1328125
vt 0.65625 0.1328125
vt 0.65234375 0.171875
vt 0.65625 0.171875
vt 0.65625 0.1328125
vt 0.65234375 0.1328125
vt 0.65234375 0.171875
vt 0.63671875 0.171875
vt 0.63671875 0.17578125
vt 0.65234375 0.17578125
vt 0.66796875 0.17578125
vt 0.65234375 0.17578125
vt 0.65234375 0.171875
vt 0.66796875 0.171875
vn -0.5000000000000008 0.7071067811865476 -0.4999999999999993
vn 0.7071067811865466 2.775557561562892e-17 -0.7071067811865485
vn 0.5000000000000008 -0.7071067811865476 0.4999999999999993
vn -0.7071067811865466 -2.775557561562892e-17 0.7071067811865485
vn 0.5000000000000008 0.7071067811865475 0.49999999999999933
vn -0.5000000000000008 -0.7071067811865475 -0.49999999999999933
usemtl m_0
f 76/220/55 79/219/55 77/218/55 74/217/55
f 75/224/56 76/223/56 74/222/56 73/221/56
f 80/228/57 75/227/57 73/226/57 78/225/57
f 79/232/58 80/231/58 78/230/58 77/229/58
f 78/236/59 73/235/59 74/234/59 77/233/59
f 79/240/60 76/239/60 75/238/60 80/237/60
o platform_10
v -0.6216892741721862 0.4895568121688152 -0.12221310390745556
v -0.5260184160809138 0.4895568121688152 -0.3531829870352773
v -0.21338834764831865 0.04761507392722297 0.046910677388231056
v -0.11771748955704625 0.04761507392722297 -0.18405920573959067
v -0.5668485087333005 0.44536263834465595 -0.3700953651648459
v -0.6625193668245729 0.44536263834465606 -0.13912548203702418
v -0.158547582209433 0.0034209001030638397 -0.2009715838691593
v -0.2542184403007054 0.0034209001030638397 0.029998299258662417
vt 0.82421875 0.66796875
vt 0.828125 0.66796875
vt 0.828125 0.62890625
vt 0.82421875 0.62890625
vt 0.80859375 0.66796875
vt 0.82421875 0.66796875
vt 0.82421875 0.62890625
vt 0.80859375 0.62890625
vt 0.84375 0.66796875
vt 0.84765625 0.66796875
vt 0.84765625 0.62890625
vt 0.84375 0.62890625
vt 0.828125 0.66796875
vt 0.84375 0.66796875
vt 0.84375 0.62890625
vt 0.828125 0.62890625
vt 0.828125 0.66796875
vt 0.82421875 0.66796875
vt 0.82421875 0.68359375
vt 0.828125 0.68359375
vt 0.83203125 0.68359375
vt 0.828125 0.68359375
vt 0.828125 0.66796875
vt 0.83203125 0.66796875
vn 0.38268343236508956 -4.163336342344337e-16 -0.9238795325112867
vn 0.6532814824381886 0.7071067811865475 0.27059805007309823
vn -0.38268343236508956 4.163336342344337e-16 0.9238795325112867
vn -0.6532814824381886 -0.7071067811865475 -0.27059805007309823
vn -0.6532814824381882 0.7071067811865477 -0.27059805007309856
vn 0.6532814824381882 -0.7071067811865477 0.27059805007309856
usemtl m_0
f 84/244/61 87/243/61 85/242/61 82/241/61
f 83/248/62 84/247/62 82/246/62 81/245/62
f 88/252/63 83/251/63 81/250/63 86/249/63
f 87/256/64 88/255/64 86/254/64 85/253/64
f 86/260/65 81/259/65 82/258/65 85/257/65
f 87/264/66 84/263/66 83/262/66 88/261/66
o platform_11
v -0.621134926072777 0.4895568121688151 0.125
v -0.621134926072777 0.4895568121688151 -0.125
v -0.17919318783118476 0.04761507392722297 0.125
v -0.17919318783118476 0.04761507392722297 -0.125
v -0.6653290998969361 0.44536263834465584 -0.125
v -0.6653290998969361 0.44536263834465584 0.125
v -0.22338736165534395 0.0034209001030637287 -0.125
v -0.22338736165534395 0.0034209001030637287 0.125
vt 0.1796875 0.18359375
vt 0.18359375 0.18359375
vt 0.18359375 0.14453125
vt 0.1796875 0.14453125
vt 0.1640625 0.18359375
vt 0.1796875 0.18359375
vt 0.1796875 0.14453125
vt 0.1640625 0.14453125
vt 0.19921875 0.18359375
vt 0.203125 0.18359375
vt 0.203125 0.14453125
vt 0.19921875 0.14453125
vt 0.18359375 0.18359375
vt 0.19921875 0.18359375
vt 0.19921875 0.14453125
vt 0.18359375 0.14453125
vt 0.18359375 0.18359375
vt 0.1796875 0.18359375
vt 0.1796875 0.19921875
vt 0.18359375 0.19921875
vt 0.1875 0.19921875
vt 0.18359375 0.19921875
vt 0.18359375 0.18359375
vt 0.1875 0.18359375
vn 0 0 -1
vn 0.7071067811865475 0.7071067811865476 0
vn 0 0 1
vn -0.7071067811865475 -0.7071067811865476 0
vn -0.7071067811865476 0.7071067811865475 0
vn 0.7071067811865476 -0.7071067811865475 0
usemtl m_0
f 92/268/67 95/267/67 93/266/67 90/265/67
f 91/272/68 92/271/68 90/270/68 89/269/68
f 96/276/69 91/275/69 89/274/69 94/273/69
f 95/280/70 96/279/70 94/278/70 93/277/70
f 94/284/71 89/283/71 90/282/71 93/281/71
f 95/288/72 92/287/72 91/286/72 96/285/72
o platform_12
v -0.5260184160809137 0.4895568121688153 0.3531829870352774
v -0.6216892741721861 0.4895568121688153 0.12221310390745574
v -0.11771748955704607 0.04761507392722297 0.18405920573959098
v -0.2133883476483185 0.04761507392722297 -0.04691067738823071
v -0.6625193668245729 0.4453626383446561 0.13912548203702438
v -0.5668485087333005 0.4453626383446561 0.3700953651648461
v -0.2542184403007053 0.0034209001030638397 -0.029998299258662042
v -0.15854758220943288 0.0034209001030638397 0.20097158386915964
vt 0.140625 0.18359375
vt 0.14453125 0.18359375
vt 0.14453125 0.14453125
vt 0.140625 0.14453125
vt 0.125 0.18359375
vt 0.140625 0.18359375
vt 0.140625 0.14453125
vt 0.125 0.14453125
vt 0.16015625 0.18359375
vt 0.1640625 0.18359375
vt 0.1640625 0.14453125
vt 0.16015625 0.14453125
vt 0.14453125 0.18359375
vt 0.16015625 0.18359375
vt 0.16015625 0.14453125
vt 0.14453125 0.14453125
vt 0.14453125 0.18359375
vt 0.140625 0.18359375
vt 0.140625 0.19921875
vt 0.14453125 0.19921875
vt 0.1484375 0.19921875
vt 0.14453125 0.19921875
vt 0.14453125 0.18359375
vt 0.1484375 0.18359375
vn -0.3826834323650897 -8.326672684688674e-17 -0.9238795325112867
vn 0.6532814824381885 0.7071067811865475 -0.2705980500730986
vn 0.3826834323650897 8.326672684688674e-17 0.9238795325112867
vn -0.6532814824381885 -0.7071067811865475 0.2705980500730986
vn -0.6532814824381882 0.7071067811865477 0.2705980500730984
vn 0.6532814824381882 -0.7071067811865477 -0.2705980500730984
usemtl m_0
f 100/292/73 103/291/73 101/290/73 98/289/73
f 99/296/74 100/295/74 98/294/74 97/293/74
f 104/300/75 99/299/75 97/298/75 102/297/75
f 103/304/76 104/303/76 102/302/76 101/301/76
f 102/308/77 97/307/77 98/306/77 101/305/77
f 103/312/78 100/311/78 99/310/78 104/309/78
o platform_13
v 0.5668485087333006 0.44536263834465606 0.370095365164846
v 0.662519366824573 0.44536263834465617 0.13912548203702424
v 0.15854758220943294 0.0034209001030638397 0.20097158386915942
v 0.25421844030070534 0.0034209001030638397 -0.029998299258662292
v 0.6216892741721862 0.4895568121688153 0.12221310390745561
v 0.5260184160809138 0.4895568121688153 0.35318298703527734
v 0.2133883476483186 0.04761507392722297 -0.04691067738823093
v 0.1177174895570462 0.04761507392722297 0.18405920573959078
vt 0.78515625 0.87890625
vt 0.7890625 0.87890625
vt 0.7890625 0.83984375
vt 0.78515625 0.83984375
vt 0.76953125 0.87890625
vt 0.78515625 0.87890625
vt 0.78515625 0.83984375
vt 0.76953125 0.83984375
vt 0.8046875 0.87890625
vt 0.80859375 0.87890625
vt 0.80859375 0.83984375
vt 0.8046875 0.83984375
vt 0.7890625 0.87890625
vt 0.8046875 0.87890625
vt 0.8046875 0.83984375
vt 0.7890625 0.83984375
vt 0.7890625 0.87890625
vt 0.78515625 0.87890625
vt 0.78515625 0.89453125
vt 0.7890625 0.89453125
vt 0.79296875 0.89453125
vt 0.7890625 0.89453125
vt 0.7890625 0.87890625
vt 0.79296875 0.87890625
vn 0.3826834323650896 1.942890293094024e-16 -0.9238795325112868
vn 0.6532814824381885 -0.7071067811865475 0.2705980500730983
vn -0.3826834323650896 -1.942890293094024e-16 0.9238795325112868
vn -0.6532814824381885 0.7071067811865475 -0.2705980500730983
vn 0.6532814824381882 0.7071067811865477 0.2705980500730984
vn -0.6532814824381882 -0.7071067811865477 -0.2705980500730984
usemtl m_0
f 108/316/79 111/315/79 109/314/79 106/313/79
f 107/320/80 108/319/80 106/318/80 105/317/80
f 112/324/81 107/323/81 105/322/81 110/321/81
f 111/328/82 112/327/82 110/326/82 109/325/82
f 110/332/83 105/331/83 106/330/83 109/329/83
f 111/336/84 108/335/84 107/334/84 112/333/84
o platform_14
v 0.6653290998969361 0.44536263834465584 0.125
v 0.6653290998969361 0.44536263834465584 -0.125
v 0.22338736165534395 0.0034209001030637287 0.125
v 0.22338736165534395 0.0034209001030637287 -0.125
v 0.621134926072777 0.4895568121688151 -0.125
v 0.621134926072777 0.4895568121688151 0.125
v 0.17919318783118476 0.04761507392722297 -0.125
v 0.17919318783118476 0.04761507392722297 0.125
vt 0.09375 0.671875
vt 0.09765625 0.671875
vt 0.09765625 0.6328125
vt 0.09375 0.6328125
vt 0.078125 0.671875
vt 0.09375 0.671875
vt 0.09375 0.6328125
vt 0.078125 0.6328125
vt 0.11328125 0.671875
vt 0.1171875 0.671875
vt 0.1171875 0.6328125
vt 0.11328125 0.6328125
vt 0.09765625 0.671875
vt 0.11328125 0.671875
vt 0.11328125 0.6328125
vt 0.09765625 0.6328125
vt 0.09765625 0.671875
vt 0.09375 0.671875
vt 0.09375 0.6875
vt 0.09765625 0.6875
vt 0.1015625 0.6875
vt 0.09765625 0.6875
vt 0.09765625 0.671875
vt 0.1015625 0.671875
vn 0 0 -1
vn 0.7071067811865475 -0.7071067811865476 0
vn 0 0 1
vn -0.7071067811865475 0.7071067811865476 0
vn 0.7071067811865476 0.7071067811865475 0
vn -0.7071067811865476 -0.7071067811865475 0
usemtl m_0
f 116/340/85 119/339/85 117/338/85 114/337/85
f 115/344/86 116/343/86 114/342/86 113/341/86
f 120/348/87 115/347/87 113/346/87 118/345/87
f 119/352/88 120/351/88 118/350/88 117/349/88
f 118/356/89 113/355/89 114/354/89 117/353/89
f 119/360/90 116/359/90 115/358/90 120/357/90
o platform_15
v 0.662519366824573 0.445362638344656 -0.13912548203702402
v 0.5668485087333006 0.44536263834465595 -0.37009536516484576
v 0.2542184403007053 0.0034209001030638397 0.0299982992586625
v 0.15854758220943294 0.0034209001030638397 -0.20097158386915925
v 0.5260184160809138 0.48955681216881514 -0.3531829870352772
v 0.6216892741721862 0.4895568121688152 -0.12221310390745543
v 0.1177174895570462 0.04761507392722297 -0.18405920573959061
v 0.21338834764831854 0.04761507392722297 0.04691067738823111
vt 0.015625 0.7890625
vt 0.01953125 0.7890625
vt 0.01953125 0.75
vt 0.015625 0.75
vt 0 0.7890625
vt 0.015625 0.7890625
vt 0.015625 0.75
vt 0 0.75
vt 0.03515625 0.7890625
vt 0.0390625 0.7890625
vt 0.0390625 0.75
vt 0.03515625 0.75
vt 0.01953125 0.7890625
vt 0.03515625 0.7890625
vt 0.03515625 0.75
vt 0.01953125 0.75
vt 0.01953125 0.7890625
vt 0.015625 0.7890625
vt 0.015625 0.8046875
vt 0.01953125 0.8046875
vt 0.0234375 0.8046875
vt 0.01953125 0.8046875
vt 0.01953125 0.7890625
vt 0.0234375 0.7890625
vn -0.3826834323650893 -3.885780586188048e-16 -0.923879532511287
vn 0.6532814824381885 -0.7071067811865476 -0.27059805007309795
vn 0.3826834323650893 3.885780586188048e-16 0.923879532511287
vn -0.6532814824381885 0.7071067811865476 0.27059805007309795
vn 0.6532814824381883 0.7071067811865476 -0.2705980500730984
vn -0.6532814824381883 -0.7071067811865476 0.2705980500730984
usemtl m_0
f 124/364/91 127/363/91 125/362/91 122/361/91
f 123/368/92 124/367/92 122/366/92 121/365/92
f 128/372/93 123/371/93 121/370/93 126/369/93
f 127/376/94 128/375/94 126/374/94 125/373/94
f 126/380/95 121/379/95 122/378/95 125/377/95
f 127/384/96 124/383/96 123/382/96 128/381/96
o rotor_1_body_0
v 0.5339548246917326 0.73125 -0.2687897817467772
v 0.7991198676366879 0.73125 -0.5339548246917325
v 0.5339548246917326 0.41874999999999996 -0.2687897817467772
v 0.7991198676366879 0.41874999999999996 -0.5339548246917325
v 0.5339548246917326 0.73125 -0.7991198676366877
v 0.26878978174677726 0.73125 -0.5339548246917325
v 0.5339548246917326 0.41874999999999996 -0.7991198676366877
v 0.26878978174677726 0.41874999999999996 -0.5339548246917325
vt 0.65625 0.24609375
vt 0.6796875 0.24609375
vt 0.6796875 0.2265625
vt 0.65625 0.2265625
vt 0.6328125 0.24609375
vt 0.65625 0.24609375
vt 0.65625 0.2265625
vt 0.6328125 0.2265625
vt 0.703125 0.24609375
vt 0.7265625 0.24609375
vt 0.7265625 0.2265625
vt 0.703125 0.2265625
vt 0.6796875 0.24609375
vt 0.703125 0.24609375
vt 0.703125 0.2265625
vt 0.6796875 0.2265625
vt 0.6796875 0.24609375
vt 0.65625 0.24609375
vt 0.65625 0.26953125
vt 0.6796875 0.26953125
vt 0.703125 0.26953125
vt 0.6796875 0.26953125
vt 0.6796875 0.24609375
vt 0.703125 0.24609375
vn 0.7071067811865476 0 -0.7071067811865475
vn 0.7071067811865475 0 0.7071067811865476
vn -0.7071067811865476 0 0.7071067811865475
vn -0.7071067811865475 0 -0.7071067811865476
vn 0 1 0
vn 0 -1 0
usemtl m_0
f 132/388/97 135/387/97 133/386/97 130/385/97
f 131/392/98 132/391/98 130/390/98 129/389/98
f 136/396/99 131/395/99 129/394/99 134/393/99
f 135/400/100 136/399/100 134/398/100 133/397/100
f 134/404/101 129/403/101 130/402/101 133/401/101
f 135/408/102 132/407/102 131/406/102 136/405/102
o rotor_1_body_1
v 0.39044853755482384 0.73125 -0.45266504294495535
v 0.5339548246917325 0.73125 -0.799119867636688
v 0.39044853755482384 0.41874999999999996 -0.45266504294495535
v 0.5339548246917325 0.41874999999999996 -0.799119867636688
v 0.1875 0.73125 -0.9426261547735966
v 0.04399371286309134 0.73125 -0.596171330081864
v 0.1875 0.41874999999999996 -0.9426261547735966
v 0.04399371286309134 0.41874999999999996 -0.596171330081864
vt 0.75390625 0.6875
vt 0.77734375 0.6875
vt 0.77734375 0.66796875
vt 0.75390625 0.66796875
vt 0.73046875 0.6875
vt 0.75390625 0.6875
vt 0.75390625 0.66796875
vt 0.73046875 0.66796875
vt 0.80078125 0.6875
vt 0.82421875 0.6875
vt 0.82421875 0.66796875
vt 0.80078125 0.66796875
vt 0.77734375 0.6875
vt 0.80078125 0.6875
vt 0.80078125 0.66796875
vt 0.77734375 0.66796875
vt 0.77734375 0.6875
vt 0.75390625 0.6875
vt 0.75390625 0.7109375
vt 0.77734375 0.7109375
vt 0.80078125 0.7109375
vt 0.77734375 0.7109375
vt 0.77734375 0.6875
vt 0.80078125 0.6875
vn 0.3826834323650897 0 -0.9238795325112867
vn 0.9238795325112867 0 0.3826834323650897
vn -0.3826834323650897 0 0.9238795325112867
vn -0.9238795325112867 0 -0.3826834323650897
vn 0 1 0
vn 0 -1 0
usemtl m_0
f 140/412/103 143/411/103 141/410/103 138/409/103
f 139/416/104 140/415/104 138/414/104 137/413/104
f 144/420/105 139/419/105 137/418/105 142/417/105
f 143/424/106 144/423/106 142/422/106 141/421/106
f 142/428/107 137/427/107 138/426/107 141/425/107
f 143/432/108 140/431/108 139/430/108 144/429/108
o rotor_1_body_2
v 0.1875 0.73125 -0.5676261547735966
v 0.1875 0.73125 -0.9426261547735966
v 0.1875 0.41874999999999996 -0.5676261547735966
v 0.1875 0.41874999999999996 -0.9426261547735966
v -0.1875 0.73125 -0.9426261547735966
v -0.1875 0.73125 -0.5676261547735966
v -0.1875 0.41874999999999996 -0.9426261547735966
v -0.1875 0.41874999999999996 -0.5676261547735966
vt 0.0234375 0.25
vt 0.046875 0.25
vt 0.046875 0.23046875
vt 0.0234375 0.23046875
vt 0 0.25
vt 0.0234375 0.25
vt 0.0234375 0.23046875
vt 0 0.23046875
vt 0.0703125 0.25
vt 0.09375 0.25
vt 0.09375 0.23046875
vt 0.0703125 0.23046875
vt 0.046875 0.25
vt 0.0703125 0.25
vt 0.0703125 0.23046875
vt 0.046875 0.23046875
vt 0.046875 0.25
vt 0.0234375 0.25
vt 0.0234375 0.2734375
vt 0.046875 0.2734375
vt 0.0703125 0.2734375
vt 0.046875 0.2734375
vt 0.046875 0.25
vt 0.0703125 0.25
vn 0 0 -1
vn 1 0 0
vn 0 0 1
vn -1 0 0
vn 0 1 0
vn 0 -1 0
usemtl m_0
f 148/436/109 151/435/109 149/434/109 146/433/109
f 147/440/110 148/439/110 146/438/110 145/437/110
f 152/444/111 147/443/111 145/442/111 150/441/111
f 151/448/112 152/447/112 150/446/112 149/445/112
f 150/452/113 145/451/113 146/450/113 149/449/113
f 151/456/114 148/455/114 147/454/114 152/453/114
o rotor_1_body_3
v -0.04399371286309134 0.73125 -0.596171330081864
v -0.1875 0.73125 -0.9426261547735966
v -0.04399371286309134 0.41874999999999996 -0.596171330081864
v -0.1875 0.41874999999999996 -0.9426261547735966
v -0.5339548246917325 0.73125 -0.799119867636688
v -0.39044853755482384 0.73125 -0.45266504294495535
v -0.5339548246917325 0.41874999999999996 -0.799119867636688
v -0.39044853755482384 0.41874999999999996 -0.45266504294495535
vt 0.5625 0.25390625
vt 0.5859375 0.25390625
vt 0.5859375 0.234375
vt 0.5625 0.234375
vt 0.5390625 0.25390625
vt 0.5625 0.25390625
vt 0.5625 0.234375
vt 0.5390625 0.234375
vt 0.609375 0.25390625
vt 0.6328125 0.25390625
vt 0.6328125 0.234375
vt 0.609375 0.234375
vt 0.5859375 0.25390625
vt 0.609375 0.25390625
vt 0.609375 0.234375
vt 0.5859375 0.234375
vt 0.5859375 0.25390625
vt 0.5625 0.25390625
vt 0.5625 0.27734375
vt 0.5859375 0.27734375
vt 0.609375 0.27734375
vt 0.5859375 0.27734375
vt 0.5859375 0.25390625
vt 0.609375 0.25390625
vn -0.3826834323650897 0 -0.9238795325112867
vn 0.9238795325112867 0 -0.3826834323650897
vn 0.3826834323650897 0 0.9238795325112867
vn -0.9238795325112867 0 0.3826834323650897
vn 0 1 0
vn 0 -1 0
usemtl m_0
f 156/460/115 159/459/115 157/458/115 154/457/115
f 155/464/116 156/463/116 154/462/116 153/461/116
f 160/468/117 155/467/117 153/466/117 158/465/117
f 159/472/118 160/471/118 158/470/118 157/469/118
f 158/476/119 153/475/119 154/474/119 157/473/119
f 159/480/120 156/479/120 155/478/120 160/477/120
o rotor_1_body_4
v -0.26878978174677726 0.73125 -0.5339548246917325
v -0.5339548246917326 0.73125 -0.7991198676366877
v -0.26878978174677726 0.41874999999999996 -0.5339548246917325
v -0.5339548246917326 0.41874999999999996 -0.7991198676366877
v -0.7991198676366879 0.73125 -0.5339548246917325
v -0.5339548246917326 0.73125 -0.2687897817467772
v -0.7991198676366879 0.41874999999999996 -0.5339548246917325
v -0.5339548246917326 0.41874999999999996 -0.2687897817467772
vt 0.7421875 0.265625
vt 0.765625 0.265625
vt 0.765625 0.24609375
vt 0.7421875 0.24609375
vt 0.71875 0.265625
vt 0.7421875 0.265625
vt 0.7421875 0.24609375
vt 0.71875 0.24609375
vt 0.7890625 0.265625
vt 0.8125 0.265625
vt 0.8125 0.24609375
vt 0.7890625 0.24609375
vt 0.765625 0.265625
vt 0.7890625 0.265625
vt 0.7890625 0.24609375
vt 0.765625 0.24609375
vt 0.765625 0.265625
vt 0.7421875 0.265625
vt 0.7421875 0.2890625
vt 0.765625 0.2890625
vt 0.7890625 0.2890625
vt 0.765625 0.2890625
vt 0.765625 0.265625
vt 0.7890625 0.265625
vn -0.7071067811865476 0 -0.7071067811865475
vn 0.7071067811865475 0 -0.7071067811865476
vn 0.7071067811865476 0 0.7071067811865475
vn -0.7071067811865475 0 0.7071067811865476
vn 0 1 0
vn 0 -1 0
usemtl m_0
f 164/484/121 167/483/121 165/482/121 162/481/121
f 163/488/122 164/487/122 162/486/122 161/485/122
f 168/492/123 163/491/123 161/490/123 166/489/123
f 167/496/124 168/495/124 166/494/124 165/493/124
f 166/500/125 161/499/125 162/498/125 165/497/125
f 167/504/126 164/503/126 163/502/126 168/501/126
o rotor_1_body_5
v -0.5339548246917326 0.73125 0.7991198676366877
v -0.26878978174677726 0.73125 0.5339548246917325
v -0.5339548246917326 0.41874999999999996 0.7991198676366877
v -0.26878978174677726 0.41874999999999996 0.5339548246917325
v -0.5339548246917326 0.73125 0.2687897817467772
v -0.7991198676366879 0.73125 0.5339548246917325
v -0.5339548246917326 0.41874999999999996 0.2687897817467772
v -0.7991198676366879 0.41874999999999996 0.5339548246917325
vt 0.7421875 0.32421875
vt 0.765625 0.32421875
vt 0.765625 0.3046875
vt 0.7421875 0.3046875
vt 0.71875 0.32421875
vt 0.7421875 0.32421875
vt 0.7421875 0.3046875
vt 0.71875 0.3046875
vt 0.7890625 0.32421875
vt 0.8125 0.32421875
vt 0.8125 0.3046875
vt 0.7890625 0.3046875
vt 0.765625 0.32421875
vt 0.7890625 0.32421875
vt 0.7890625 0.3046875
vt 0.765625 0.3046875
vt 0.765625 0.32421875
vt 0.7421875 0.32421875
vt 0.7421875 0.34765625
vt 0.765625 0.34765625
vt 0.7890625 0.34765625
vt 0.765625 0.34765625
vt 0.765625 0.32421875
vt 0.7890625 0.32421875
vn 0.7071067811865476 0 -0.7071067811865475
vn 0.7071067811865475 0 0.7071067811865476
vn -0.7071067811865476 0 0.7071067811865475
vn -0.7071067811865475 0 -0.7071067811865476
vn 0 1 0
vn 0 -1 0
usemtl m_0
f 172/508/127 175/507/127 173/506/127 170/505/127
f 171/512/128 172/511/128 170/510/128 169/509/128
f 176/516/129 171/515/129 169/514/129 174/513/129
f 175/520/130 176/519/130 174/518/130 173/517/130
f 174/524/131 169/523/131 170/522/131 173/521/131
f 175/528/132 172/527/132 171/526/132 176/525/132
o rotor_1_body_6
v -0.1875 0.73125 0.9426261547735966
v -0.04399371286309134 0.73125 0.596171330081864
v -0.1875 0.41874999999999996 0.9426261547735966
v -0.04399371286309134 0.41874999999999996 0.596171330081864
v -0.39044853755482384 0.73125 0.45266504294495535
v -0.5339548246917325 0.73125 0.799119867636688
v -0.39044853755482384 0.41874999999999996 0.45266504294495535
v -0.5339548246917325 0.41874999999999996 0.799119867636688
vt 0.7421875 0.55078125
vt 0.765625 0.55078125
vt 0.765625 0.53125
vt 0.7421875 0.53125
vt 0.71875 0.55078125
vt 0.7421875 0.55078125
vt 0.7421875 0.53125
vt 0.71875 0.53125
vt 0.7890625 0.55078125
vt 0.8125 0.55078125
vt 0.8125 0.53125
vt 0.7890625 0.53125
vt 0.765625 0.55078125
vt 0.7890625 0.55078125
vt 0.7890625 0.53125
vt 0.765625 0.53125
vt 0.765625 0.55078125
vt 0.7421875 0.55078125
vt 0.7421875 0.57421875
vt 0.765625 0.57421875
vt 0.7890625 0.57421875
vt 0.765625 0.57421875
vt 0.765625 0.55078125
vt 0.7890625 0.55078125
vn 0.3826834323650897 0 -0.9238795325112867
vn 0.9238795325112867 0 0.3826834323650897
vn -0.3826834323650897 0 0.9238795325112867
vn -0.9238795325112867 0 -0.3826834323650897
vn 0 1 0
vn 0 -1 0
usemtl m_0
f 180/532/133 183/531/133 181/530/133 178/529/133
f 179/536/134 180/535/134 178/534/134 177/533/134
f 184/540/135 179/539/135 177/538/135 182/537/135
f 183/544/136 184/543/136 182/542/136 181/541/136
f 182/548/137 177/547/137 178/546/137 181/545/137
f 183/552/138 180/551/138 179/550/138 184/549/138
o rotor_1_body_7
v 0.1875 0.73125 0.9426261547735966
v 0.1875 0.73125 0.5676261547735966
v 0.1875 0.41874999999999996 0.9426261547735966
v 0.1875 0.41874999999999996 0.5676261547735966
v -0.1875 0.73125 0.5676261547735966
v -0.1875 0.73125 0.9426261547735966
v -0.1875 0.41874999999999996 0.5676261547735966
v -0.1875 0.41874999999999996 0.9426261547735966
vt 0.46875 0.26171875
vt 0.4921875 0.26171875
vt 0.4921875 0.2421875
vt 0.46875 0.2421875
vt 0.4453125 0.26171875
vt 0.46875 0.26171875
vt 0.46875 0.2421875
vt 0.4453125 0.2421875
vt 0.515625 0.26171875
vt 0.5390625 0.26171875
vt 0.5390625 0.2421875
vt 0.515625 0.2421875
vt 0.4921875 0.26171875
vt 0.515625 0.26171875
vt 0.515625 0.2421875
vt 0.4921875 0.2421875
vt 0.4921875 0.26171875
vt 0.46875 0.26171875
vt 0.46875 0.28515625
vt 0.4921875 0.28515625
vt 0.515625 0.28515625
vt 0.4921875 0.28515625
vt 0.4921875 0.26171875
vt 0.515625 0.26171875
vn 0 0 -1
vn 1 0 0
vn 0 0 1
vn -1 0 0
vn 0 1 0
vn 0 -1 0
usemtl m_0
f 188/556/139 191/555/139 189/554/139 186/553/139
f 187/560/140 188/559/140 186/558/140 185/557/140
f 192/564/141 187/563/141 185/562/141 190/561/141
f 191/568/142 192/567/142 190/566/142 189/565/142
f 190/572/143 185/571/143 186/570/143 189/569/143
f 191/576/144 188/575/144 187/574/144 192/573/144
o rotor_1_body_8
v 0.5339548246917325 0.73125 0.799119867636688
v 0.39044853755482384 0.73125 0.45266504294495535
v 0.5339548246917325 0.41874999999999996 0.799119867636688
v 0.39044853755482384 0.41874999999999996 0.45266504294495535
v 0.04399371286309134 0.73125 0.596171330081864
v 0.1875 0.73125 0.9426261547735966
v 0.04399371286309134 0.41874999999999996 0.596171330081864
v 0.1875 0.41874999999999996 0.9426261547735966
vt 0.375 0.26171875
vt 0.3984375 0.26171875
vt 0.3984375 0.2421875
vt 0.375 0.2421875
vt 0.3515625 0.26171875
vt 0.375 0.26171875
vt 0.375 0.2421875
vt 0.3515625 0.2421875
vt 0.421875 0.26171875
vt 0.4453125 0.26171875
vt 0.4453125 0.2421875
vt 0.421875 0.2421875
vt 0.3984375 0.26171875
vt 0.421875 0.26171875
vt 0.421875 0.2421875
vt 0.3984375 0.2421875
vt 0.3984375 0.26171875
vt 0.375 0.26171875
vt 0.375 0.28515625
vt 0.3984375 0.28515625
vt 0.421875 0.28515625
vt 0.3984375 0.28515625
vt 0.3984375 0.26171875
vt 0.421875 0.26171875
vn -0.3826834323650897 0 -0.9238795325112867
vn 0.9238795325112867 0 -0.3826834323650897
vn 0.3826834323650897 0 0.9238795325112867
vn -0.9238795325112867 0 0.3826834323650897
vn 0 1 0
vn 0 -1 0
usemtl m_0
f 196/580/145 199/579/145 197/578/145 194/577/145
f 195/584/146 196/583/146 194/582/146 193/581/146
f 200/588/147 195/587/147 193/586/147 198/585/147
f 199/592/148 200/591/148 198/590/148 197/589/148
f 198/596/149 193/595/149 194/594/149 197/593/149
f 199/600/150 196/599/150 195/598/150 200/597/150
o rotor_1_body_9
v 0.7991198676366879 0.73125 0.5339548246917325
v 0.5339548246917326 0.73125 0.2687897817467772
v 0.7991198676366879 0.41874999999999996 0.5339548246917325
v 0.5339548246917326 0.41874999999999996 0.2687897817467772
v 0.26878978174677726 0.73125 0.5339548246917325
v 0.5339548246917326 0.73125 0.7991198676366877
v 0.26878978174677726 0.41874999999999996 0.5339548246917325
v 0.5339548246917326 0.41874999999999996 0.7991198676366877
vt 0.1875 0.26171875
vt 0.2109375 0.26171875
vt 0.2109375 0.2421875
vt 0.1875 0.2421875
vt 0.1640625 0.26171875
vt 0.1875 0.26171875
vt 0.1875 0.2421875
vt 0.1640625 0.2421875
vt 0.234375 0.26171875
vt 0.2578125 0.26171875
vt 0.2578125 0.2421875
vt 0.234375 0.2421875
vt 0.2109375 0.26171875
vt 0.234375 0.26171875
vt 0.234375 0.2421875
vt 0.2109375 0.2421875
vt 0.2109375 0.26171875
vt 0.1875 0.26171875
vt 0.1875 0.28515625
vt 0.2109375 0.28515625
vt 0.234375 0.28515625
vt 0.2109375 0.28515625
vt 0.2109375 0.26171875
